1 SIMPLE_PINHOLE 1920 1080 1960.8271709747626 960.0 540.0
2 SIMPLE_PINHOLE 1920 1080 1968.5589009198284 960.0 540.0
3 SIMPLE_PINHOLE 1920 1080 1976.2983040606744 960.0 540.0
4 SIMPLE_PINHOLE 1920 1080 1984.0453803973037 960.0 540.0
5 SIMPLE_PINHOLE 1920 1080 1991.7924735854397 960.0 540.0
6 SIMPLE_PINHOLE 1920 1080 1999.5395667735993 960.0 540.0
7 SIMPLE_PINHOLE 1920 1080 2007.2866599617805 960.0 540.0
8 SIMPLE_PINHOLE 1920 1080 2015.0337531499808 960.0 540.0
9 SIMPLE_PINHOLE 1920 1080 2022.7808463381962 960.0 540.0
10 SIMPLE_PINHOLE 1920 1080 2030.5279395264124 960.0 540.0
11 SIMPLE_PINHOLE 1920 1080 2037.331888664846 960.0 540.0
12 SIMPLE_PINHOLE 1920 1080 2043.1926937534395 960.0 540.0
13 SIMPLE_PINHOLE 1920 1080 2048.1103547922007 960.0 540.0
14 SIMPLE_PINHOLE 1920 1080 2053.028015830962 960.0 540.0
15 SIMPLE_PINHOLE 1920 1080 2057.945676869723 960.0 540.0
16 SIMPLE_PINHOLE 1920 1080 2062.863337908484 960.0 540.0
17 SIMPLE_PINHOLE 1920 1080 2067.7809989472453 960.0 540.0
18 SIMPLE_PINHOLE 1920 1080 2072.698659986006 960.0 540.0
19 SIMPLE_PINHOLE 1920 1080 2077.6163210247673 960.0 540.0
20 SIMPLE_PINHOLE 1920 1080 2082.5339820635286 960.0 540.0
21 SIMPLE_PINHOLE 1920 1080 2087.4516431022894 960.0 540.0
22 SIMPLE_PINHOLE 1920 1080 2101.9712152492975 960.0 540.0
23 SIMPLE_PINHOLE 1920 1080 2126.0926985544725 960.0 540.0
24 SIMPLE_PINHOLE 1920 1080 2159.816056906675 960.0 540.0
25 SIMPLE_PINHOLE 1920 1080 2189.2294294697886 960.0 540.0
26 SIMPLE_PINHOLE 1920 1080 2214.332816245091 960.0 540.0
27 SIMPLE_PINHOLE 1920 1080 2235.1274278862497 960.0 540.0
28 SIMPLE_PINHOLE 1920 1080 2255.91959391923 960.0 540.0
29 SIMPLE_PINHOLE 1920 1080 2276.709314344075 960.0 540.0
30 SIMPLE_PINHOLE 1920 1080 2293.7312596186034 960.0 540.0
31 SIMPLE_PINHOLE 1920 1080 2306.985429668675 960.0 540.0
32 SIMPLE_PINHOLE 1920 1080 2316.4718245052773 960.0 540.0
33 SIMPLE_PINHOLE 1920 1080 2325.9545569183797 960.0 540.0
34 SIMPLE_PINHOLE 1920 1080 2335.437289259536 960.0 540.0
35 SIMPLE_PINHOLE 1920 1080 2345.407057298887 960.0 540.0
36 SIMPLE_PINHOLE 1920 1080 2357.8009326603824 960.0 540.0
37 SIMPLE_PINHOLE 1920 1080 2372.6189153419673 960.0 540.0
38 SIMPLE_PINHOLE 1920 1080 2386.9450670881515 960.0 540.0
39 SIMPLE_PINHOLE 1920 1080 2397.3811387457604 960.0 540.0
40 SIMPLE_PINHOLE 1920 1080 2403.927130314703 960.0 540.0
41 SIMPLE_PINHOLE 1920 1080 2410.472996815207 960.0 540.0
42 SIMPLE_PINHOLE 1920 1080 2417.0187382407516 960.0 540.0
43 SIMPLE_PINHOLE 1920 1080 2420.2916089534656 960.0 540.0
44 SIMPLE_PINHOLE 1920 1080 2420.2916089534106 960.0 540.0
45 SIMPLE_PINHOLE 1920 1080 2418.2919292625756 960.0 540.0
46 SIMPLE_PINHOLE 1920 1080 2417.033860309474 960.0 540.0
47 SIMPLE_PINHOLE 1920 1080 2416.9447027762326 960.0 540.0
48 SIMPLE_PINHOLE 1920 1080 2418.0244565946477 960.0 540.0
49 SIMPLE_PINHOLE 1920 1080 2419.337954590275 960.0 540.0
50 SIMPLE_PINHOLE 1920 1080 2420.8851968439735 960.0 540.0
51 SIMPLE_PINHOLE 1920 1080 2424.013413243465 960.0 540.0
52 SIMPLE_PINHOLE 1920 1080 2428.722603698665 960.0 540.0
53 SIMPLE_PINHOLE 1920 1080 2432.9116455991543 960.0 540.0
54 SIMPLE_PINHOLE 1920 1080 2434.368212738319 960.0 540.0
55 SIMPLE_PINHOLE 1920 1080 2433.0923037051584 960.0 540.0
56 SIMPLE_PINHOLE 1920 1080 2431.81302390983 960.0 540.0
57 SIMPLE_PINHOLE 1920 1080 2431.3597308422663 960.0 540.0
58 SIMPLE_PINHOLE 1920 1080 2431.7324240808484 960.0 540.0
59 SIMPLE_PINHOLE 1920 1080 2432.1415535685696 960.0 540.0
60 SIMPLE_PINHOLE 1920 1080 2432.137909905559 960.0 540.0
61 SIMPLE_PINHOLE 1920 1080 2431.7214929730217 960.0 540.0
62 SIMPLE_PINHOLE 1920 1080 2431.277521124819 960.0 540.0
63 SIMPLE_PINHOLE 1920 1080 2430.833536210998 960.0 540.0
64 SIMPLE_PINHOLE 1920 1080 2431.561085877514 960.0 540.0
65 SIMPLE_PINHOLE 1920 1080 2434.1357358862397 960.0 540.0
66 SIMPLE_PINHOLE 1920 1080 2438.5574907616724 960.0 540.0
67 SIMPLE_PINHOLE 1920 1080 2443.0088709251563 960.0 540.0
68 SIMPLE_PINHOLE 1920 1080 2445.3417504844833 960.0 540.0
69 SIMPLE_PINHOLE 1920 1080 2445.5561353942444 960.0 540.0
70 SIMPLE_PINHOLE 1920 1080 2446.696819115811 960.0 540.0
71 SIMPLE_PINHOLE 1920 1080 2449.5110944495864 960.0 540.0
72 SIMPLE_PINHOLE 1920 1080 2453.998963553971 960.0 540.0
73 SIMPLE_PINHOLE 1920 1080 2458.501046612042 960.0 540.0
74 SIMPLE_PINHOLE 1920 1080 2463.0173492207587 960.0 540.0
75 SIMPLE_PINHOLE 1920 1080 2472.0578511236235 960.0 540.0
76 SIMPLE_PINHOLE 1920 1080 2485.622552500168 960.0 540.0
77 SIMPLE_PINHOLE 1920 1080 2501.6452807932824 960.0 540.0
78 SIMPLE_PINHOLE 1920 1080 2520.1260354573533 960.0 540.0
79 SIMPLE_PINHOLE 1920 1080 2541.9633301338986 960.0 540.0
80 SIMPLE_PINHOLE 1920 1080 2567.157164908136 960.0 540.0
81 SIMPLE_PINHOLE 1920 1080 2592.3509998204763 960.0 540.0
82 SIMPLE_PINHOLE 1920 1080 2614.373313339364 960.0 540.0
83 SIMPLE_PINHOLE 1920 1080 2633.224105464798 960.0 540.0
84 SIMPLE_PINHOLE 1920 1080 2652.732772246114 960.0 540.0
85 SIMPLE_PINHOLE 1920 1080 2672.8993141145816 960.0 540.0
86 SIMPLE_PINHOLE 1920 1080 2693.0711252932742 960.0 540.0
87 SIMPLE_PINHOLE 1920 1080 2712.6882909048827 960.0 540.0
88 SIMPLE_PINHOLE 1920 1080 2730.6294057545815 960.0 540.0
89 SIMPLE_PINHOLE 1920 1080 2746.894469842357 960.0 540.0
90 SIMPLE_PINHOLE 1920 1080 2763.100820551539 960.0 540.0
91 SIMPLE_PINHOLE 1920 1080 2779.5425602265036 960.0 540.0
92 SIMPLE_PINHOLE 1920 1080 2800.0169555766192 960.0 540.0
93 SIMPLE_PINHOLE 1920 1080 2824.524006602029 960.0 540.0
94 SIMPLE_PINHOLE 1920 1080 2853.005165320187 960.0 540.0
95 SIMPLE_PINHOLE 1920 1080 2881.4863240381123 960.0 540.0
96 SIMPLE_PINHOLE 1920 1080 2909.967482755502 960.0 540.0
97 SIMPLE_PINHOLE 1920 1080 2938.448641472366 960.0 540.0
98 SIMPLE_PINHOLE 1920 1080 2966.929800096985 960.0 540.0
99 SIMPLE_PINHOLE 1920 1080 2995.410958628493 960.0 540.0
100 SIMPLE_PINHOLE 1920 1080 3023.89211715857 960.0 540.0
101 SIMPLE_PINHOLE 1920 1080 3052.6296944715887 960.0 540.0
102 SIMPLE_PINHOLE 1920 1080 3083.76355885102 960.0 540.0
103 SIMPLE_PINHOLE 1920 1080 3117.293710296766 960.0 540.0
104 SIMPLE_PINHOLE 1920 1080 3153.2201488088226 960.0 540.0
105 SIMPLE_PINHOLE 1920 1080 3216.013405463555 960.0 540.0
106 SIMPLE_PINHOLE 1920 1080 3336.7361631883587 960.0 540.0
107 SIMPLE_PINHOLE 1920 1080 3457.4589349314856 960.0 540.0
108 SIMPLE_PINHOLE 1920 1080 3474.223841484232 960.0 540.0
109 SIMPLE_PINHOLE 1920 1080 3496.2132384060455 960.0 540.0
110 SIMPLE_PINHOLE 1920 1080 3523.4271246012017 960.0 540.0
111 SIMPLE_PINHOLE 1920 1080 3550.635469044847 960.0 540.0
112 SIMPLE_PINHOLE 1920 1080 3567.708226806668 960.0 540.0
113 SIMPLE_PINHOLE 1920 1080 3574.6454246855096 960.0 540.0
114 SIMPLE_PINHOLE 1920 1080 3581.543634541215 960.0 540.0
115 SIMPLE_PINHOLE 1920 1080 3588.4029572129793 960.0 540.0
116 SIMPLE_PINHOLE 1920 1080 3595.223397244234 960.0 540.0
117 SIMPLE_PINHOLE 1920 1080 3601.0196002490884 960.0 540.0
118 SIMPLE_PINHOLE 1920 1080 3603.9177015834143 960.0 540.0
119 SIMPLE_PINHOLE 1920 1080 3603.9177012857585 960.0 540.0
120 SIMPLE_PINHOLE 1920 1080 3601.797653530821 960.0 540.0
121 SIMPLE_PINHOLE 1920 1080 3598.691382647283 960.0 540.0
122 SIMPLE_PINHOLE 1920 1080 3595.3432505647374 960.0 540.0
123 SIMPLE_PINHOLE 1920 1080 3591.9957034531126 960.0 540.0
124 SIMPLE_PINHOLE 1920 1080 3589.9788691383337 960.0 540.0
125 SIMPLE_PINHOLE 1920 1080 3581.618617754009 960.0 540.0
126 SIMPLE_PINHOLE 1920 1080 3566.91286410166 960.0 540.0
127 SIMPLE_PINHOLE 1920 1080 3548.828421615813 960.0 540.0
128 SIMPLE_PINHOLE 1920 1080 3512.0518157029655 960.0 540.0
129 SIMPLE_PINHOLE 1920 1080 3456.5830466306247 960.0 540.0
130 SIMPLE_PINHOLE 1920 1080 3386.4509153601866 960.0 540.0
131 SIMPLE_PINHOLE 1920 1080 3316.3016202719014 960.0 540.0
132 SIMPLE_PINHOLE 1920 1080 3318.0170138567514 960.0 540.0
133 SIMPLE_PINHOLE 1920 1080 3459.1232177693623 960.0 540.0
134 SIMPLE_PINHOLE 1920 1080 3739.6201747804935 960.0 540.0
135 SIMPLE_PINHOLE 1920 1080 4020.1171317917256 960.0 540.0
136 SIMPLE_PINHOLE 1920 1080 4161.525321764272 960.0 540.0
137 SIMPLE_PINHOLE 1920 1080 4163.844744727994 960.0 540.0
138 SIMPLE_PINHOLE 1920 1080 4052.7088938516117 960.0 540.0
139 SIMPLE_PINHOLE 1920 1080 3938.5440267289155 960.0 540.0
140 SIMPLE_PINHOLE 1920 1080 3821.93855757932 960.0 540.0
141 SIMPLE_PINHOLE 1920 1080 3704.931274025809 960.0 540.0
142 SIMPLE_PINHOLE 1920 1080 3587.924014226765 960.0 540.0
143 SIMPLE_PINHOLE 1920 1080 3489.537741563169 960.0 540.0
144 SIMPLE_PINHOLE 1920 1080 3440.1040365984677 960.0 540.0
145 SIMPLE_PINHOLE 1920 1080 3439.622903209543 960.0 540.0
146 SIMPLE_PINHOLE 1920 1080 3439.141777639858 960.0 540.0
147 SIMPLE_PINHOLE 1920 1080 3430.7323494114426 960.0 540.0
148 SIMPLE_PINHOLE 1920 1080 3414.3946185235964 960.0 540.0
149 SIMPLE_PINHOLE 1920 1080 3396.7107272732997 960.0 540.0
150 SIMPLE_PINHOLE 1920 1080 3378.834572145729 960.0 540.0
151 SIMPLE_PINHOLE 1920 1080 3360.7661531402973 960.0 540.0
152 SIMPLE_PINHOLE 1920 1080 3342.5054702570287 960.0 540.0
153 SIMPLE_PINHOLE 1920 1080 3306.9396952237635 960.0 540.0
154 SIMPLE_PINHOLE 1920 1080 3254.068828040486 960.0 540.0
155 SIMPLE_PINHOLE 1920 1080 3201.197958135882 960.0 540.0
156 SIMPLE_PINHOLE 1920 1080 3148.3270882312754 960.0 540.0
157 SIMPLE_PINHOLE 1920 1080 3133.798863222903 960.0 540.0
158 SIMPLE_PINHOLE 1920 1080 3203.6292213654297 960.0 540.0
159 SIMPLE_PINHOLE 1920 1080 3274.85915073501 960.0 540.0
160 SIMPLE_PINHOLE 1920 1080 3310.277825571762 960.0 540.0
161 SIMPLE_PINHOLE 1920 1080 3263.2412443602343 960.0 540.0
162 SIMPLE_PINHOLE 1920 1080 3203.0111304255593 960.0 540.0
163 SIMPLE_PINHOLE 1920 1080 3143.2048469538327 960.0 540.0
164 SIMPLE_PINHOLE 1920 1080 3084.2220465332734 960.0 540.0
165 SIMPLE_PINHOLE 1920 1080 3026.0624874872174 960.0 540.0
166 SIMPLE_PINHOLE 1920 1080 2968.296041454915 960.0 540.0
167 SIMPLE_PINHOLE 1920 1080 2910.634735979352 960.0 540.0
168 SIMPLE_PINHOLE 1920 1080 2853.078496642347 960.0 540.0
169 SIMPLE_PINHOLE 1920 1080 2835.8136704352255 960.0 540.0
170 SIMPLE_PINHOLE 1920 1080 2893.7439354021385 960.0 540.0
171 SIMPLE_PINHOLE 1920 1080 3026.8692883014114 960.0 540.0
172 SIMPLE_PINHOLE 1920 1080 3258.8610826116105 960.0 540.0
173 SIMPLE_PINHOLE 1920 1080 3554.525485597773 960.0 540.0
174 SIMPLE_PINHOLE 1920 1080 3850.185730966201 960.0 540.0
175 SIMPLE_PINHOLE 1920 1080 4064.213158159708 960.0 540.0
176 SIMPLE_PINHOLE 1920 1080 4196.681971705381 960.0 540.0
177 SIMPLE_PINHOLE 1920 1080 4247.961808569418 960.0 540.0
178 SIMPLE_PINHOLE 1920 1080 4261.390572902291 960.0 540.0
179 SIMPLE_PINHOLE 1920 1080 4273.480311458684 960.0 540.0
180 SIMPLE_PINHOLE 1920 1080 4285.11102183503 960.0 540.0
181 SIMPLE_PINHOLE 1920 1080 4296.28270407019 960.0 540.0
182 SIMPLE_PINHOLE 1920 1080 4235.869128047118 960.0 540.0
183 SIMPLE_PINHOLE 1920 1080 4081.2121568627736 960.0 540.0
184 SIMPLE_PINHOLE 1920 1080 3838.739548598142 960.0 540.0
185 SIMPLE_PINHOLE 1920 1080 3605.921924522303 960.0 540.0
186 SIMPLE_PINHOLE 1920 1080 3583.2456310436974 960.0 540.0
187 SIMPLE_PINHOLE 1920 1080 3578.192909403571 960.0 540.0
188 SIMPLE_PINHOLE 1920 1080 3572.80485066399 960.0 540.0
189 SIMPLE_PINHOLE 1920 1080 3567.0814554257922 960.0 540.0
190 SIMPLE_PINHOLE 1920 1080 3562.705782432034 960.0 540.0
191 SIMPLE_PINHOLE 1920 1080 3559.6778316820864 960.0 540.0
192 SIMPLE_PINHOLE 1920 1080 3557.9956486888277 960.0 540.0
193 SIMPLE_PINHOLE 1920 1080 3556.3134656955626 960.0 540.0
194 SIMPLE_PINHOLE 1920 1080 3554.6312824904808 960.0 540.0
195 SIMPLE_PINHOLE 1920 1080 3550.8455858825396 960.0 540.0
196 SIMPLE_PINHOLE 1920 1080 3544.956375871742 960.0 540.0
197 SIMPLE_PINHOLE 1920 1080 3537.9808752044214 960.0 540.0
198 SIMPLE_PINHOLE 1920 1080 3531.0053745371006 960.0 540.0
199 SIMPLE_PINHOLE 1920 1080 3533.917649855986 960.0 540.0
200 SIMPLE_PINHOLE 1920 1080 3536.831282104267 960.0 540.0
201 SIMPLE_PINHOLE 1920 1080 3527.8789364204827 960.0 540.0
202 SIMPLE_PINHOLE 1920 1080 3507.0606128046197 960.0 540.0
203 SIMPLE_PINHOLE 1920 1080 3486.2389413757032 960.0 540.0
204 SIMPLE_PINHOLE 1920 1080 3465.4172699468077 960.0 540.0
205 SIMPLE_PINHOLE 1920 1080 3444.595598534954 960.0 540.0
206 SIMPLE_PINHOLE 1920 1080 3423.7782157107827 960.0 540.0
207 SIMPLE_PINHOLE 1920 1080 3407.3988951417514 960.0 540.0
208 SIMPLE_PINHOLE 1920 1080 3395.457637086296 960.0 540.0
209 SIMPLE_PINHOLE 1920 1080 3385.144392827121 960.0 540.0
210 SIMPLE_PINHOLE 1920 1080 3367.6515568984673 960.0 540.0
211 SIMPLE_PINHOLE 1920 1080 3341.3784300080342 960.0 540.0
212 SIMPLE_PINHOLE 1920 1080 3306.3250122184218 960.0 540.0
213 SIMPLE_PINHOLE 1920 1080 3289.7803616483197 960.0 540.0
214 SIMPLE_PINHOLE 1920 1080 3291.7445480303745 960.0 540.0
215 SIMPLE_PINHOLE 1920 1080 3312.217570925266 960.0 540.0
216 SIMPLE_PINHOLE 1920 1080 3323.749853531185 960.0 540.0
217 SIMPLE_PINHOLE 1920 1080 3326.3413622247053 960.0 540.0
218 SIMPLE_PINHOLE 1920 1080 3319.9920970056837 960.0 540.0
219 SIMPLE_PINHOLE 1920 1080 3313.6428317840146 960.0 540.0
220 SIMPLE_PINHOLE 1920 1080 3307.2935665624805 960.0 540.0
221 SIMPLE_PINHOLE 1920 1080 3300.944301341175 960.0 540.0
222 SIMPLE_PINHOLE 1920 1080 3294.595036121113 960.0 540.0
223 SIMPLE_PINHOLE 1920 1080 3288.2457709024675 960.0 540.0
224 SIMPLE_PINHOLE 1920 1080 3281.8965057077116 960.0 540.0
225 SIMPLE_PINHOLE 1920 1080 3275.5472405667647 960.0 540.0
226 SIMPLE_PINHOLE 1920 1080 3269.197975644539 960.0 540.0
227 SIMPLE_PINHOLE 1920 1080 3262.8849635138718 960.0 540.0
228 SIMPLE_PINHOLE 1920 1080 3266.5027883649536 960.0 540.0
229 SIMPLE_PINHOLE 1920 1080 3280.0530203741346 960.0 540.0
230 SIMPLE_PINHOLE 1920 1080 3297.2680958548526 960.0 540.0
231 SIMPLE_PINHOLE 1920 1080 3314.480529139143 960.0 540.0
232 SIMPLE_PINHOLE 1920 1080 3331.531511131379 960.0 540.0
233 SIMPLE_PINHOLE 1920 1080 3348.42169605077 960.0 540.0
234 SIMPLE_PINHOLE 1920 1080 3365.3118824492894 960.0 540.0
235 SIMPLE_PINHOLE 1920 1080 3382.2963166743666 960.0 540.0
236 SIMPLE_PINHOLE 1920 1080 3401.4781242559225 960.0 540.0
237 SIMPLE_PINHOLE 1920 1080 3422.85730521833 960.0 540.0
238 SIMPLE_PINHOLE 1920 1080 3444.2365807074725 960.0 540.0
239 SIMPLE_PINHOLE 1920 1080 3464.980517414254 960.0 540.0
240 SIMPLE_PINHOLE 1920 1080 3485.0234383602015 960.0 540.0
241 SIMPLE_PINHOLE 1920 1080 3504.36537557227 960.0 540.0
242 SIMPLE_PINHOLE 1920 1080 3523.3668297107956 960.0 540.0
243 SIMPLE_PINHOLE 1920 1080 3542.368283847645 960.0 540.0
244 SIMPLE_PINHOLE 1920 1080 3562.0257254518106 960.0 540.0
245 SIMPLE_PINHOLE 1920 1080 3582.3391545232876 960.0 540.0
246 SIMPLE_PINHOLE 1920 1080 3602.653142015972 960.0 540.0
247 SIMPLE_PINHOLE 1920 1080 3620.0416853966294 960.0 540.0
248 SIMPLE_PINHOLE 1920 1080 3630.713741395837 960.0 540.0
249 SIMPLE_PINHOLE 1920 1080 3634.6693100135994 960.0 540.0
250 SIMPLE_PINHOLE 1920 1080 3634.6693100176058 960.0 540.0
251 SIMPLE_PINHOLE 1920 1080 3634.6693100196167 960.0 540.0
252 SIMPLE_PINHOLE 1920 1080 3634.6693100196353 960.0 540.0
