1 0.9505491001588406 -0.041133882647560426 0.2722969572600389 -0.1435924056225803 -2.0907310332547056 -4.548792416979516 77.53919759795845 1 image0001.png

2 0.9506396118519086 -0.04099832436090459 0.27222291576360674 -0.14317174969528956 -2.076070576761076 -4.479633664855129 77.54361770017204 2 image0002.png

3 0.9507299541070355 -0.040862826296856655 0.2721487159677441 -0.14275104268542224 -2.061395915816739 -4.41046970196853 77.54797377577121 3 image0003.png

4 0.9508201268709292 -0.04072738861009252 0.27207435789856205 -0.14233028464890285 -2.0467070507498093 -4.341300587192876 77.55226581023587 4 image0004.png

5 0.9509101045270424 -0.04059202507251858 0.27199993019151353 -0.14190947320278863 -2.032018047662909 -4.272126488362188 77.55649341456095 5 image0005.png

6 0.950999886935422 -0.04045673577820145 0.27192543327926133 -0.14148860842793443 -2.0173289675031256 -4.202947467803867 77.56065658090566 6 image0006.png

7 0.9510894740654503 -0.04032152076334253 0.27185086721408747 -0.14106769041912146 -2.0026398108446983 -4.133763587938901 77.56475530309163 7 image0007.png

8 0.9511788658866388 -0.04018638006403522 0.27177623204809803 -0.14064671927099803 -1.9879505782298494 -4.064574911170473 77.56878957500517 8 image0008.png

9 0.9512680623481208 -0.040051313755879406 0.27170152782768553 -0.14022569521660896 -1.9732612702157013 -3.995381522478784 77.57275938943214 9 image0009.png

10 0.9513570504871046 -0.0399163470370011 0.2716267508187406 -0.13980470652789992 -1.9585718735823576 -3.9261978642945046 77.57666401301265 10 image0010.png

11 0.9514616709329486 -0.03978382747747295 0.2714686944023556 -0.13943702440960393 -1.9310205446518012 -3.8652529698749323 77.58041513150361 11 image0011.png

12 0.9515819411390912 -0.0396538242791865 0.2712273527752556 -0.13912263160435645 -1.890606924952145 -3.8125432928523164 77.58401866323297 12 image0012.png

13 0.9517178488458636 -0.03952637988910642 0.2709027158135293 -0.13886151391194754 -1.8373305127232058 -3.7680634712787704 77.58747158597745 13 image0013.png

14 0.9518535535254354 -0.03939914672735737 0.2705779903713038 -0.1386004004495794 -1.7840531773190946 -3.7235846224729627 77.59086224975987 14 image0014.png

15 0.9519890680458821 -0.03927209964659709 0.2702531802758289 -0.13833920290821758 -1.7307749487084223 -3.6790924038877915 77.5941913418911 15 image0015.png

16 0.9521243923514642 -0.039145238701812295 0.26992828565345556 -0.1380779214086003 -1.6774958543289742 -3.63458689255547 77.59745884125718 16 image0016.png

17 0.9522595263844055 -0.039018563948966176 0.26960330663813376 -0.13781655607107715 -1.6242159228160489 -3.5900681655120668 77.60066472682098 17 image0017.png

18 0.9523944700895858 -0.03889207544354307 0.2692782433523675 -0.13755510702090942 -1.5709351810141925 -3.5455363005537226 77.60380897765222 18 image0018.png

19 0.9525292234092162 -0.03876577324514172 0.2689530959210728 -0.13729357439666287 -1.5176536562307135 -3.500991377684622 77.60689157281418 19 image0019.png

20 0.9526637862661376 -0.03863965745329527 0.2686278644587941 -0.13703195848146787 -1.4643713750504972 -3.4564335004594504 77.60991249044328 20 image0020.png

21 0.9527980944621887 -0.038513853953866854 0.2683025310239842 -0.1367707062530805 -1.4110883640544287 -3.411935545997112 77.61286850967578 21 image0021.png

22 0.9525978059412108 -0.0386126752487753 0.26902099096044557 -0.1367266903306887 -1.5247722814087368 -3.408876084929064 77.61085276022212 22 image0022.png

23 0.9520605714832302 -0.03893656387579251 0.2707824966718743 -0.13689942190059842 -1.8054073693631736 -3.4470400367909537 77.60314589020757 23 image0023.png

24 0.9511806662694274 -0.03948724650380431 0.27358447217086435 -0.13728668568286395 -2.252859778886254 -3.525765453092804 77.58790777967843 24 image0024.png

25 0.950619926431799 -0.039804166341103696 0.27543573766080526 -0.1373773570569 -2.5476106586867573 -3.5505490566984577 77.57765860200445 25 image0025.png

26 0.9503843446666703 -0.03988473723184032 0.27633791249531936 -0.13717202071187737 -2.689639422773695 -3.5217612215266474 77.57417657001228 26 image0026.png

27 0.9504764442503575 -0.039728626044276516 0.27629179541793475 -0.13667117100019732 -2.67897465590697 -3.439647949660353 77.57822986906078 27 image0027.png

28 0.9505682787606977 -0.039572572206457476 0.27624557847068787 -0.1361702585672956 -2.668308122787053 -3.357529080779589 77.58219488436131 28 image0028.png

29 0.9506598481531029 -0.039416575786967785 0.27619926169925196 -0.13566928355209124 -2.6576398235469014 -3.275404710785214 77.58607160689536 29 image0029.png

30 0.9508997832914037 -0.03916781267221716 0.2756888827349691 -0.13509672284396904 -2.572785135724196 -3.179168916034131 77.59293456552696 30 image0030.png

31 0.9512871711575825 -0.038827271981099275 0.2747140015978609 -0.1344521411789358 -2.413733114294793 -3.0687391017726604 77.60249071788635 31 image0031.png

32 0.9518203870063329 -0.038396185640203334 0.2732739520420857 -0.1337349279085224 -2.1804691766264455 -2.943971023584952 77.61422821637476 32 image0032.png

33 0.9523507890294168 -0.037967385409081636 0.27183272867239555 -0.13301661513797955 -1.947184324155586 -2.8189750307728705 77.62507124521737 33 image0033.png

34 0.9528783743650203 -0.03754087410231668 0.27039033804350554 -0.1322972090855619 -1.7138808439897915 -2.6937548933513327 77.63501870849637 34 image0034.png

35 0.9534031403214486 -0.03711665435830492 0.2689467863845541 -0.13157671559917924 -1.4805609682597591 -2.5683143235952084 77.6440695326817 35 image0035.png

36 0.9536389522649155 -0.03691672525581762 0.2683181258354598 -0.1312070404650877 -1.378662954871821 -2.5045591027314966 77.64802833941901 36 image0036.png

37 0.9535843029181451 -0.03694253307216617 0.2685145080408366 -0.13119521885310764 -1.4097081771363307 -2.5037164719393505 77.64749808928092 37 image0037.png

38 0.9532386877883373 -0.03719428771356743 0.2695357565690382 -0.1315411152294428 -1.5736934529868591 -2.5657407452350487 77.6423228412552 38 image0038.png

39 0.9526448425372701 -0.03761477491166084 0.27130943137995556 -0.1320762095904101 -1.8582556506075534 -2.662669416457364 77.632769565159 39 image0039.png

40 0.9520473133766358 -0.03803739711201775 0.2730817146784526 -0.1326101301618717 -2.142791402749822 -2.7592845942734314 77.62206275520857 40 image0040.png

41 0.9514461037571139 -0.03846215113193423 0.2748525980192378 -0.1331428703978804 -2.4272966361256536 -2.8555821900280307 77.61020367347116 41 image0041.png

42 0.9508426019038538 -0.03888714187227684 0.2766201871183371 -0.13366902663044622 -2.7114326079065236 -2.9506664468961663 77.59723921360458 42 image0042.png

43 0.950417547978795 -0.03916965617599986 0.27789645595299695 -0.13396186882017258 -2.916139737248038 -3.005011094842775 77.5877301523517 43 image0043.png

44 0.950173193007329 -0.039308211722693144 0.2786822977432043 -0.13402217990313753 -3.041440306660675 -3.01881443765998 77.58238352289406 44 image0044.png

45 0.9500898654617838 -0.039338458026750414 0.2789888911200983 -0.13396615952719143 -3.089809431210405 -3.0111820420135107 77.58076883629144 45 image0045.png

46 0.9500704266238461 -0.03930714553825793 0.2791487139776828 -0.13378014893482165 -3.113992707467581 -2.98155891993321 77.58094604132019 46 image0046.png

47 0.950114871029345 -0.039214296089778326 0.2791617700734024 -0.13346414110373958 -3.1139923402625627 -2.9299502619725377 77.58291226815723 47 image0047.png

48 0.950200104921979 -0.039086076790772285 0.2790717939555967 -0.13308257972315776 -3.0971911218344843 -2.8671159914695465 77.58593226795512 48 image0048.png

49 0.9502895846398337 -0.038954763675267595 0.2789691761416434 -0.13269676135802655 -3.0783629341167966 -2.803527721170914 77.58900532165568 49 image0049.png

50 0.9503833002884866 -0.03882037378681034 0.2788539111385653 -0.13230667917585118 -3.0575077171914486 -2.739184753626729 77.59212812061699 50 image0050.png

51 0.9505090834613283 -0.03866302144250979 0.27864622775809705 -0.13188605986465854 -3.0217809762791887 -2.669400338820548 77.59595978144694 51 image0051.png

52 0.9506668270606371 -0.03848285369062688 0.2783460720290365 -0.13143484349400328 -2.9711818895416187 -2.594166436591891 77.60046527901717 52 image0052.png

53 0.9508031755618399 -0.038316813407409445 0.2781090638546313 -0.13099806011435286 -2.930727986936084 -2.5216098730870335 77.6043951716394 53 image0053.png

54 0.9508891391188656 -0.03818626364645503 0.278017167971492 -0.13060669465083893 -2.9136301396822404 -2.4571962180413767 77.60710520948844 54 image0054.png

55 0.9509248243740063 -0.0380910071677717 0.2780704446367088 -0.1302608205937345 -2.919888809561428 -2.4009326785400322 77.6086309920124 55 image0055.png

56 0.9509494138018358 -0.0380072098811444 0.2781470645549343 -0.1299418133876417 -2.9300306665798956 -2.349174171313395 77.6098327136914 56 image0056.png

57 0.9509629846352141 -0.037934828881296664 0.2782468470797691 -0.12964969225416578 -2.9440255592158877 -2.3019216027156393 77.6107189973335 57 image0057.png

58 0.9509666188505281 -0.03787336164616186 0.2783661525466334 -0.12938463365484126 -2.9612952743983456 -2.259184901450313 77.61131777466683 58 image0058.png

59 0.9509697819081827 -0.03781266158966543 0.27848532830941364 -0.12912241647911812 -2.9785647523093104 -2.2169099858799477 77.61187599183668 59 image0059.png

60 0.9509835621124592 -0.03773845342453849 0.27858648356099924 -0.12882408510111573 -2.9927471590072585 -2.1686447664308233 77.61269404653285 60 image0060.png

61 0.9510079312735589 -0.03765074353683836 0.27866960776679445 -0.12848963332895802 -3.0038423999042365 -2.1143893053367364 77.61376244934557 61 image0061.png

62 0.9510379064712952 -0.03756030847483602 0.27873323865429506 -0.1281557854771249 -3.011850522820417 -2.0601390207729278 77.61491104475161 62 image0062.png

63 0.9510769494307101 -0.03746558190539164 0.27876557950618075 -0.12782299525769195 -3.0149015873743394 -2.0059128188554762 77.61621296496646 63 image0063.png

64 0.9511461245155226 -0.03735386078844869 0.27870140765751933 -0.12748044663012575 -3.002573092621695 -1.9496347278107624 77.61812489420888 64 image0064.png

65 0.9512783341684136 -0.03720905840766752 0.27843066883902534 -0.12712741468320593 -2.957392831103732 -1.8906658258109665 77.62131822649675 65 image0065.png

66 0.9514733806718124 -0.03703142150832354 0.2779532682592752 -0.12676379750548844 -2.879358487943186 -1.8289874907283057 77.62572983423794 66 image0066.png

67 0.9516742356408247 -0.03684837253932489 0.27746077106437483 -0.126387765147651 -2.7988773763322143 -1.7652107600310494 77.63014974380995 67 image0067.png

68 0.9517966860484136 -0.03671443762502909 0.2772076942298803 -0.12605956035497076 -2.7567048618676395 -1.7103954293558097 77.63288580634642 68 image0068.png

69 0.9518409840287982 -0.03662932093705101 0.2771941554219648 -0.1257793074026213 -2.7528433388520313 -1.6645622407890155 77.63401908274302 69 image0069.png

70 0.9518851988695564 -0.03654421542129032 0.2771805903374142 -0.125499039169668 -2.748981808554916 -1.6187282545051893 77.63512510903638 70 image0070.png

71 0.9519758899489934 -0.03641197376547658 0.27706228110438413 -0.1251102134582132 -2.727847858789538 -1.554670472633303 77.63717974412936 71 image0071.png

72 0.9522172837920136 -0.0361828276930089 0.27648598103477323 -0.124613601661844 -2.6334280183246648 -1.4708362893767006 77.64207319696959 72 image0072.png

73 0.9528435876488727 -0.03571794372380917 0.2747081667039313 -0.12389006868483395 -2.3472015838258073 -1.3441767967050318 77.653548961432 73 image0073.png

74 0.9538474021872737 -0.035021610997335854 0.2717260243799057 -0.12293733272863651 -1.8690969270181057 -1.1740919450095433 77.6692849048033 74 image0074.png

75 0.9548408305350834 -0.03433157209209464 0.26873945601296956 -0.12198129480625536 -1.3908401875817304 -1.00318068788709 77.68171615587214 75 image0075.png

76 0.9556626937594012 -0.033721898788959564 0.26632580231741376 -0.12100502600544251 -1.0036131386790288 -0.8317258422380522 77.68970862110794 76 image0076.png

77 0.9562776810081566 -0.03323257436348109 0.2645771878537325 -0.12011454730484804 -0.7223384909684825 -0.67764259801978 77.69432965445577 77 image0077.png

78 0.9566692120699413 -0.03290650714198492 0.26348944218804665 -0.11947591523241967 -0.5470368353453594 -0.5680112044032235 77.69664051176136 78 image0078.png

79 0.9568398451722915 -0.03274204085769566 0.2630635989192815 -0.11909245305548836 -0.47771586528126164 -0.5033965357239225 77.69754315498855 79 image0079.png

80 0.9568389661702937 -0.03271623105080556 0.2631251161578534 -0.11897064466039545 -0.4867710968208243 -0.4839190710961283 77.69761070376205 80 image0080.png

81 0.9568274235257183 -0.03269521281050057 0.2632253266165723 -0.11884751607000855 -0.5019290843073776 -0.4644315179433498 77.69763319047047 81 image0081.png

82 0.9568174056531744 -0.032670743060572355 0.2633259333843373 -0.11871195219634087 -0.517083160091012 -0.4429229334547262 77.69765940568608 82 image0082.png

83 0.9568562280768028 -0.03262151214394666 0.26325499834848576 -0.11856981732555189 -0.505117447150603 -0.41943883252470293 77.69786844097966 83 image0083.png

84 0.9569529817199743 -0.032549011947075907 0.26296704270674326 -0.11844782416148238 -0.458999208461492 -0.39808244411856464 77.69826692363058 84 image0084.png

85 0.9571069262247869 -0.032454538600501945 0.26246184028847236 -0.11835039961553762 -0.37872621254143723 -0.37956443007816354 77.69879233386311 85 image0085.png

86 0.957258458042595 -0.03236490068433688 0.26195596124511455 -0.11827016562833748 -0.2984527879743908 -0.3638272104544633 77.69921742550379 86 image0086.png

87 0.9574037566398357 -0.03228850678732587 0.26144841680265596 -0.11823799919129052 -0.21818646282048348 -0.35588151910971355 77.69952107866064 87 image0087.png

88 0.9575290783357865 -0.032242585386426166 0.26096476700820087 -0.11830414282422021 -0.1422249390513315 -0.3640248593106872 77.69965952827557 88 image0088.png

89 0.9576344439171696 -0.032226991717683166 0.2605050370057948 -0.11846863940676987 -0.07056832509978506 -0.38826045814775334 77.69964032586998 89 image0089.png

90 0.9577314421668954 -0.032224759738348555 0.26005283418295416 -0.11867844361187602 -0.0003468675257138898 -0.41987921112018256 77.69950794032857 90 image0090.png

91 0.9578317539305884 -0.032220692238287406 0.25958745546477463 -0.11888865008596082 0.0719437005965915 -0.45147203215826437 77.69929748684703 91 image0091.png

92 0.9579991599179128 -0.03216156743865953 0.258928185525967 -0.11899343644374794 0.1753627156977018 -0.464850647982491 77.69905401376803 92 image0092.png

93 0.958233288797233 -0.032047552003952824 0.2580749003505539 -0.11899270759355025 0.30990975192695913 -0.45998390864439287 77.69866281726397 93 image0093.png

94 0.9585286760630357 -0.03188122946010328 0.25704582182574875 -0.11888570080073364 0.4726861518233605 -0.4368362371137984 77.69797664511765 94 image0094.png

95 0.9588229604436829 -0.031715124441758974 0.2560164069908737 -0.11877828403853487 0.6354603426214425 -0.4135729856331505 77.69694318555872 95 image0095.png

96 0.9591160772203141 -0.0315493043273893 0.25498681117156335 -0.11867062796889513 0.7982064028449543 -0.39022298208440453 77.6955624563214 96 image0096.png

97 0.9594077197668419 -0.03138391286371548 0.25395819391179975 -0.1185626965373513 0.9607414214262988 -0.3667873478210808 77.69383679420179 97 image0097.png

98 0.9596978916773662 -0.031218950420139013 0.2529305576680874 -0.11845449270666682 1.1230646487904465 -0.3432670103326494 77.69176742999018 98 image0098.png

99 0.95998659662103 -0.031054417248230944 0.2519039047781096 -0.11834601909183773 1.2851753601994105 -0.3196628386200633 77.68935559524593 99 image0099.png

100 0.9602741577334337 -0.030890162753348698 0.25087701543712676 -0.11823731627441401 1.4472648622147268 -0.29597458843019275 77.68659894925914 100 image0100.png

101 0.9605606002283772 -0.030726175248886104 0.24984979372689983 -0.11812838785871972 1.6093476819186243 -0.2722025091582694 77.6834972093439 101 image0101.png

102 0.9608900161889803 -0.030504398317941023 0.24874556506716297 -0.11783676137360351 1.7843850984635274 -0.21834534759868163 77.67984376896618 102 image0102.png

103 0.961297911886556 -0.030203923073795113 0.2474360330243927 -0.11734333042253023 1.9925872912419678 -0.13055689824239103 77.67497913501188 103 image0103.png

104 0.9617831014491994 -0.02982592688593552 0.2459207373250212 -0.11664763523394603 2.2339457278123582 -0.008782091054811758 77.66852156569928 104 image0104.png

105 0.96234611529188 -0.029376864798447675 0.24417603468193758 -0.11578004268545919 2.5119220869485055 0.14218423846884498 77.65989868595543 105 image0105.png

106 0.9629639482278588 -0.02890315827957743 0.242195931326237 -0.11491811303661441 2.8264998974345126 0.2936796581473544 77.64866053854131 106 image0106.png

107 0.9635751504633252 -0.02847690694268403 0.240108355814519 -0.11428023734927278 3.15654421453306 0.4097043215124323 77.63541848816209 107 image0107.png

108 0.9641348791503781 -0.028118218923002352 0.23809424942456814 -0.11386144633384575 3.4737698808201003 0.4900106453411297 77.62140584416125 108 image0108.png

109 0.9644071931301802 -0.027922785206677007 0.23716321162420345 -0.11354600370405882 3.6208687876624452 0.5468054620720864 77.61430374518997 109 image0109.png

110 0.9643953762693809 -0.027889144601120273 0.23731625226019942 -0.11333468249759372 3.597885782140164 0.5798792983203054 77.6151324854856 110 image0110.png

111 0.9643671749201196 -0.027888992832007586 0.2374670612197269 -0.11325877825171136 3.57463792328517 0.5911484409586176 77.61612165059262 111 image0111.png

112 0.9643442092647098 -0.027893456051348253 0.23757753608881915 -0.11322153290385639 3.557524033580549 0.5964465237172849 77.61686741383133 112 image0112.png

113 0.9643450881274641 -0.027886547510071358 0.23759119228675274 -0.11318708769184413 3.5555435008879 0.6019106521405124 77.61691598370527 113 image0113.png

114 0.9643722898071068 -0.027863083897263462 0.23750863888249701 -0.1131343522724877 3.5686963840252197 0.6109349298195479 77.61624184068437 114 image0114.png

115 0.9644165470016316 -0.027827295347514273 0.23736791728281914 -0.11306121062463725 3.5910397277443877 0.6236179123156003 77.61511043098908 115 image0115.png

116 0.9644636637289563 -0.02778595125119365 0.23722661395477476 -0.11296599440157806 3.6135717164812604 0.639861205942788 77.61393244726365 116 image0116.png

117 0.964511004181469 -0.02774456917063209 0.23708411868585447 -0.1128710873578442 3.6362865985402344 0.6560615306676549 77.61273629941599 117 image0117.png

118 0.964564142713465 -0.02770102224649967 0.2369163369193444 -0.11277995060584577 3.662937013116821 0.6718149637964466 77.61134833214655 118 image0118.png

119 0.964623063658697 -0.02765531762528713 0.23672327874640167 -0.11269258078643578 3.693520593998386 0.6871223646792632 77.6097648580325 119 image0119.png

120 0.9646889577262866 -0.027604878869015102 0.23650536999868663 -0.11259838127336583 3.7280172685861572 0.7036884286388858 77.60796700521122 120 image0120.png

121 0.9647575308336674 -0.027551753853093244 0.23628005993068263 -0.11249684812694397 3.763699840031329 0.7214828350163618 77.60608132662256 121 image0121.png

122 0.964827588216686 -0.027497940566972322 0.23604839639250183 -0.11239547518061613 3.8003705575882982 0.7392917786538131 77.604126592163 122 image0122.png

123 0.9648982275275725 -0.027445330422842525 0.2358101474061172 -0.1123019979004616 3.8380309929093244 0.7558711951370931 77.60211343562274 123 image0123.png

124 0.9649694489160123 -0.027393918299395362 0.23556530218458469 -0.11221641727313636 3.8766827295165704 0.7712214990840653 77.60004111632577 124 image0124.png

125 0.9650365474566069 -0.027351061795412378 0.23531942370092127 -0.11216572703264584 3.9153366966273815 0.7809614805643257 77.59800300625879 125 image0125.png

126 0.965069496606578 -0.027331059476966138 0.23519577642903627 -0.11214645182677627 3.934745897000763 0.7848593814097242 77.59698192145669 126 image0126.png

127 0.9650344315642357 -0.02737208384728652 0.23527441729845489 -0.11227316458629785 3.9218944868950913 0.763953239789549 77.597841155038 127 image0127.png

128 0.9649301918164594 -0.02747645345969989 0.23555504238183705 -0.11255483745632 3.8767824417088796 0.716794770571525 77.60055796189849 128 image0128.png

129 0.9647915429110144 -0.027627688621587453 0.2358940754565754 -0.11299546324211612 3.8218167606294777 0.6436531598097233 77.60392554568014 129 image0129.png

130 0.9646505029173222 -0.027786765233427192 0.23622375542110735 -0.11347087852823134 3.7681353819458714 0.564951242088167 77.60716344950909 130 image0130.png

131 0.9645513160707988 -0.027925843380125985 0.23638111791157335 -0.1139511870603973 3.7413582451921314 0.4865570706142801 77.60899003040561 131 image0131.png

132 0.9646299535003838 -0.027872609595896793 0.23610168030597475 -0.11387786001175647 3.7853882022925163 0.5001801163946009 77.60676831855929 132 image0132.png

133 0.9652203084890143 -0.02741917270704477 0.2341398621529976 -0.11303304826204064 4.095811072550941 0.6489828995173905 77.58990260140511 133 image0133.png

134 0.9663098783740411 -0.026574993924427553 0.23049112781574502 -0.11141287471781927 4.672486732972928 0.9335513847738088 77.55440788493978 134 image0134.png

135 0.967382579654389 -0.025743540946206896 0.22683673688048603 -0.10978756524390124 5.248892087651473 1.2188638543475374 77.51356871927769 135 image0135.png

136 0.967988954490691 -0.02528517920601011 0.2247086715508088 -0.10892225037341863 5.583673698972632 1.3719345090433261 77.4876133105655 136 image0136.png

137 0.9681413902411028 -0.02519044541715857 0.22411102293112384 -0.10882067525279944 5.677051618944894 1.3922536702892856 77.48046558633234 137 image0137.png

138 0.9680315346159949 -0.025345754034642762 0.22428990768451101 -0.10939185551169206 5.646908086054847 1.2995078505695794 77.48427931687425 138 image0138.png

139 0.9678230460930146 -0.025578007155202864 0.2248083516171244 -0.1101159481837137 5.5632846593375795 1.1799119475888293 77.49224157576387 139 image0139.png

140 0.9675807197950502 -0.025834577148781287 0.22544675753344373 -0.11087779228543744 5.460777642288125 1.053392923359926 77.50135549609394 140 image0140.png

141 0.9673370496587924 -0.026092571487791143 0.22608533276927598 -0.11164063945169407 5.358170357524781 0.9266552976103188 77.51013580958676 141 image0141.png

142 0.9670923308537277 -0.026351599921154302 0.22672352499252058 -0.11240311383794309 5.2555543529117905 0.7999241508174784 77.51857263029265 142 image0142.png

143 0.9669372955334883 -0.02655538457717516 0.22700817233337806 -0.11311219098842103 5.208186580121861 0.6841457767426249 77.52287771970435 143 image0143.png

144 0.9669338449598868 -0.026618392003844915 0.22683966309793038 -0.11346439055420242 5.232932765329597 0.6287693726642392 77.52168017136219 144 image0144.png

145 0.9670822185639755 -0.026540270187476726 0.22621774188929805 -0.11345981601545892 5.329839701725188 0.6338200945957251 77.51503669407008 145 image0145.png

146 0.9672452426774466 -0.026454594780196034 0.22553118336886546 -0.1134569533395915 5.43678092496625 0.6390668413713776 77.50756633766545 146 image0146.png

147 0.9674017408733905 -0.026380574390447553 0.22484410519832812 -0.11350359204680058 5.543563387691435 0.6363998370917177 77.5000240842248 147 image0147.png

148 0.9675502692176758 -0.02632093858525501 0.22415619762060526 -0.11361198791089946 5.650185244174523 0.6238619199670392 77.4924256676274 148 image0148.png

149 0.9676911141408887 -0.026275277111084273 0.22346653767893285 -0.11378147460501324 5.756794782852133 0.6015739886603306 77.48475498706648 149 image0149.png

150 0.9678456227771279 -0.026221035320897597 0.22271866365159942 -0.11394606021754006 5.87245479515866 0.5805260605898752 77.47623569207028 150 image0150.png

151 0.9680311888037255 -0.026149191973566455 0.2218360626112588 -0.11410783753760899 6.009046870164351 0.5609424974143788 77.46590561058584 151 image0151.png

152 0.9682466882625537 -0.026061162752510445 0.22081848281795854 -0.11427319944133531 6.1665616251001545 0.5418227557842759 77.45366213851084 152 image0152.png

153 0.9684304729756252 -0.026018691546568617 0.2198364909005924 -0.11461834046488799 6.3177363815191825 0.4937267690987124 77.44179926714341 153 image0153.png

154 0.9685824784192653 -0.026021261247267197 0.21889013571280821 -0.11514332351431981 6.462573791106092 0.4166656449765913 77.4303000289695 154 image0154.png

155 0.9687329001717188 -0.02602303846590596 0.21794545428682088 -0.11566826941561811 6.607104974050255 0.33969957592295685 77.41847712853455 155 image0155.png

156 0.968972486228965 -0.025947028935006042 0.21669705368825443 -0.11602353012873687 6.7994409670210025 0.292287860588047 77.4020154982025 156 image0156.png

157 0.9693002375381273 -0.02579358658885776 0.2151446648493808 -0.11620892214567988 7.039547715056962 0.27450444216725245 77.38061286989202 157 image0157.png

158 0.9697055713780867 -0.025574337637919897 0.21330780966551563 -0.11626193026257697 7.3241392416230795 0.2802428618315016 77.35417429686093 158 image0158.png

159 0.9701064050286818 -0.025356821199319715 0.2114700151951381 -0.11632294362833463 7.608618742584149 0.284894140823269 77.32669389673886 159 image0159.png

160 0.9704995770678667 -0.02514666170861142 0.2096306769403543 -0.1164181927429445 7.892972469962764 0.2842823998089674 77.29818886589129 160 image0160.png

161 0.9708850972432957 -0.024943626602638925 0.20778982604666668 -0.1165475509578831 8.177196738362493 0.2784406895773106 77.26865960482252 161 image0161.png

162 0.9712629704534201 -0.0247474888338462 0.20594748375337338 -0.11671091619069415 8.461289158068723 0.26739838809655403 77.23810534138588 162 image0162.png

163 0.9716158615441914 -0.024586637542520544 0.20410696264638134 -0.11704043168649048 8.744222882777105 0.23011320242591005 77.20670597125496 163 image0163.png

164 0.9719365849723725 -0.02446422861628221 0.20230225852613218 -0.11753540958229718 9.020769963027163 0.16646873689128583 77.17504668139317 164 image0164.png

165 0.9722281616703595 -0.024374225702325822 0.2005340843960121 -0.11817097685954235 9.290938809697511 0.08045700366321284 77.1431255235776 165 image0165.png

166 0.9725161625967292 -0.024282001980986123 0.19876543052819062 -0.11880657176633928 9.560988619595062 -0.005244604388581209 77.1101634154119 166 image0166.png

167 0.9728196757034571 -0.024175978083407393 0.19690202779324678 -0.11944451472896865 9.845415469546857 -0.0901686436390321 77.0743115226412 167 image0167.png

168 0.9731845835699734 -0.024020649185871025 0.19474656117925704 -0.12003562647514524 10.17470485192856 -0.16470064683606722 77.03140974767697 168 image0168.png

169 0.9736857786956594 -0.02369315962546857 0.19231370297119266 -0.1199586520526861 10.548791662265259 -0.1304801521584693 76.98113926305226 169 image0169.png

170 0.9743209148539173 -0.02319862401626902 0.18960230595218433 -0.11921218184225829 10.967577604397857 0.01245199120343976 76.92270093594513 170 image0170.png

171 0.9750352273821359 -0.022575583660651436 0.1868746447153251 -0.11779013349499394 11.390569674358481 0.26224054957871346 76.8607571211029 171 image0171.png

172 0.9757774225790742 -0.02189833598684397 0.18416562071065828 -0.11602546536947955 11.811062979922724 0.5655702707129997 76.79562978708239 172 image0172.png

173 0.9764357899719593 -0.02127693289924058 0.18184529877888922 -0.11424853390855012 12.171393869795256 0.8667724271293622 76.73653438660953 173 image0173.png

174 0.9769744660975784 -0.020770965681468443 0.1799074681625342 -0.11279522364602827 12.471682247426774 1.1131210957177995 76.68512200020888 174 image0174.png

175 0.9774461618546775 -0.02034669006684814 0.17808152810434974 -0.11167802929360439 12.753384910326279 1.3053406583799898 76.63574291370881 175 image0175.png

176 0.9778745834486439 -0.019987985060903685 0.17624712716905594 -0.1108996377947237 13.034924573637642 1.4442920386640896 76.58586419639109 176 image0176.png

177 0.9782772329450786 -0.01967748156147867 0.17434090181959133 -0.11041604128680696 13.326116071849398 1.5376270121938713 76.53391513866515 177 image0177.png

178 0.9786770533755892 -0.019377703262759227 0.17236728376123545 -0.11002385787231837 13.626906271835896 1.6172896643607224 76.47928891171506 178 image0178.png

179 0.9790703604855685 -0.019084013211256634 0.17038722259106107 -0.10965958250930857 13.928222329216904 1.692693956520353 76.42335534873415 179 image0179.png

180 0.9794595299896073 -0.018792584797841 0.16840115730154667 -0.10930195830200586 14.230057341102135 1.7671682819122072 76.36604230398338 180 image0180.png

181 0.9798483571654708 -0.0185008799660668 0.16638660612211278 -0.10895141900761988 14.535803562475902 1.8408602859709244 76.30669355333174 181 image0181.png

182 0.9802503370316773 -0.018283640774834357 0.16364762983760325 -0.10951912379961168 14.947946842400587 1.7785531958658165 76.2285082273533 182 image0182.png

183 0.9806579658359443 -0.018132048888348396 0.16018401195256446 -0.11100569877442733 15.466114930213095 1.581148490659741 76.12942329518432 183 image0183.png

184 0.9810512923976179 -0.017970219340792588 0.15671921618063753 -0.11249231165521467 15.983522888213635 1.3851545181825706 76.02629923838289 184 image0184.png

185 0.9814614385014232 -0.017748417570954474 0.15334272442618463 -0.1135977432610321 16.487760947559067 1.2487059165266512 75.92090822238369 185 image0185.png

186 0.9818519263179366 -0.017494305733783248 0.1503781299717973 -0.11422417466909209 16.930629470623558 1.1831002462577764 75.82442807154689 186 image0186.png

187 0.9822273172099835 -0.017212933930002054 0.14782558125048265 -0.1143713677454146 17.31236064405951 1.187766853405428 75.73810937482794 187 image0187.png

188 0.9825853054504087 -0.01694069008829317 0.14532618594204277 -0.11454008124581679 17.68548949685181 1.1889088444147866 75.65183269331845 188 image0188.png

189 0.9829262944672644 -0.01667742503032213 0.14288003940577457 -0.114730368597922 18.050035978574325 1.1865115301483549 75.56572122597935 189 image0189.png

190 0.9832520953961064 -0.01641908746021895 0.14052581024557143 -0.11488353720601292 18.4004232177732 1.1891586297380652 75.48112452793468 190 image0190.png

191 0.9835634345314797 -0.01616591298916353 0.138263583123076 -0.114999196048645 18.736692206655793 1.196850490226355 75.39823437520616 191 image0191.png

192 0.9838642910879065 -0.015915361702533822 0.1360693375188688 -0.1150777709687877 19.06245928319727 1.2097397339378055 75.316326309068 192 image0192.png

193 0.9841543743375492 -0.015669117215469465 0.13392940083558125 -0.11514148613674072 19.37973408498699 1.2245357700186048 75.23507328224362 193 image0193.png

194 0.9844324692610789 -0.015429079771211579 0.13184361080580556 -0.11520381613313001 19.6885385050841 1.2391539935763216 75.15461251151159 194 image0194.png

195 0.9846668757639851 -0.015223846370106674 0.13004989143870468 -0.11526666478940609 19.953728560922467 1.2504960881612082 75.08445117926847 195 image0195.png

196 0.9848591917461219 -0.01505344346599372 0.12854846145376936 -0.11533021863701033 20.17542937887819 1.2584527199875275 75.025050343008 196 image0196.png

197 0.9850486774101548 -0.014883475886655876 0.12704667757571142 -0.11539812387993653 20.396942753921305 1.2658745847527353 74.96500597392335 197 image0197.png

198 0.985238420486552 -0.014710993888028467 0.12552447903994435 -0.11546621418294249 20.621232971357962 1.273637835614739 74.90348743714208 198 image0198.png

199 0.9854533925602382 -0.014512616404079526 0.12378247143851372 -0.11553741740751639 20.8776324189423 1.283701954288917 74.83225512246382 199 image0199.png

200 0.9856906996759026 -0.014290117557292106 0.12182030334441539 -0.11562634131417868 21.166039754862048 1.2939130006002966 74.75101593345676 200 image0200.png

201 0.9858788648052753 -0.0141120578268556 0.12010209783706996 -0.11584127006075134 21.41796987941374 1.2822427332570658 74.67942322125262 201 image0201.png

202 0.9860190900688053 -0.013977919295267656 0.11862807188517523 -0.11618240982552283 21.633530719702335 1.2486490233306444 74.61783337150483 202 image0202.png

203 0.9861569964324288 -0.01384280479363101 0.11715394142683759 -0.11652342747693827 21.84889062305782 1.215279758398582 74.55560949044622 203 image0203.png

204 0.9862925949591831 -0.013706703359209899 0.11567965133032952 -0.11686428744401345 22.064056391479877 1.1821418017669316 74.49274991001164 204 image0204.png

205 0.9864260214486967 -0.013569482674072406 0.11420522103792774 -0.1172038430962538 22.279026122252105 1.1494089343231693 74.42925289821963 205 image0205.png

206 0.9865578080115691 -0.013430638683756607 0.11273071445360047 -0.1175376340358066 22.493797914601878 1.1177538195947179 74.3651095246774 206 image0206.png

207 0.9867082051885945 -0.01326873140234472 0.11107644064719113 -0.1178680741915561 22.7345759756788 1.0891247026578856 74.2922788412738 207 image0207.png

208 0.9868756433368088 -0.013084229139271203 0.10924224560447876 -0.11820067390536226 23.00127491061727 1.0627544404338671 74.21052309697713 208 image0208.png

209 0.9870461015105279 -0.012891221030999591 0.10734253445069249 -0.11853856001698486 23.277140189503857 1.0367389574901207 74.12482546201127 209 image0209.png

210 0.9871784669945375 -0.012735480263621606 0.10575817253322868 -0.11887678826079416 23.506814345979475 1.0068025823521296 74.05272351983587 210 image0210.png

211 0.9872748253723553 -0.012616808566041925 0.10448935442055868 -0.11921078030265507 23.690438559351826 0.9735246245577507 73.99462955858611 211 image0211.png

212 0.98735140209078 -0.012518388282059823 0.1033996587619109 -0.11953664422306196 23.847934298261176 0.9392271755391501 73.94446372014593 212 image0212.png

213 0.9874875089401456 -0.012348648063149796 0.10174666095148877 -0.1198480186044859 24.086941626670367 0.9148551539386354 73.8672601086714 213 image0213.png

214 0.9876803359609702 -0.01210716309305434 0.09953012262903078 -0.12014460140727565 24.407183270963394 0.9006420751626614 73.76224021456697 214 image0214.png

215 0.9879257149518458 -0.01179405922487785 0.09675371314008833 -0.12042591455949184 24.807702675925043 0.8968341996876745 73.62855023156847 215 image0215.png

216 0.9881325691257193 -0.011521562575299299 0.09435760313663728 -0.1206562147555518 25.152682802608393 0.8958445665360308 73.5114266164479 216 image0216.png

217 0.9883035012982447 -0.011290528876582547 0.09234409752925563 -0.12083576014915672 25.442094512679546 0.89740162214866 73.41174517730713 217 image0217.png

218 0.9884396015099325 -0.011102401296638451 0.09071325491015428 -0.1209751885137599 25.6761719280601 0.899756100620543 73.33017432763626 218 image0218.png

219 0.9885729022295994 -0.010913971838262686 0.08908325376115184 -0.1211143100355471 25.909821010205363 0.9023238076797124 73.24791341606016 219 image0219.png

220 0.9887035003470293 -0.010725113795012755 0.08745305831388835 -0.12125313574156978 26.14318875822849 0.9051179435295964 73.16491150750724 220 image0220.png

221 0.9888313955064214 -0.010535827688905977 0.08582267306267624 -0.12139166521680954 26.37627263875413 0.9081387361506614 73.08116965787728 221 image0221.png

222 0.9889565874355882 -0.010346113980010101 0.08419210239649948 -0.12152989750397111 26.609070137463412 0.9113864928034321 72.99668892437327 222 image0222.png

223 0.9890790758218088 -0.01015597316591049 0.08256135075774272 -0.12166783199180879 26.84157873499891 0.9148614661248615 72.91147037573776 223 image0223.png

224 0.989198860414458 -0.009965405701496424 0.08093042251391715 -0.12180546767555576 27.073795926420633 0.9185639653307014 72.82551508377784 224 image0224.png

225 0.9893159410159957 -0.009774411975184109 0.07929932149540826 -0.12194280352912241 27.30571928631096 0.9224943079479413 72.73882409931039 225 image0225.png

226 0.9894303174782492 -0.009582992304158485 0.07766805093811287 -0.12207983853554301 27.53734647636311 0.9266528164238164 72.65139844793063 226 image0226.png

227 0.9895410738626607 -0.009390490440895946 0.07602025507811191 -0.12223421225610562 27.770971243908424 0.9286963368084429 72.56239047967921 227 image0227.png

228 0.9896508910573365 -0.009191909434538422 0.07431467270632788 -0.12240895412884863 28.012421831121813 0.928821597186861 72.46952012009821 228 image0228.png

229 0.9897594612448798 -0.00898711520769544 0.07255130188401879 -0.12260403431952287 28.261661936111686 0.9270640060558293 72.37270790691088 229 image0229.png

230 0.9898700186179664 -0.008773920132099445 0.07073039589363915 -0.12279078004276918 28.51865350828107 0.92764299880203 72.27181825153434 230 image0230.png

231 0.989980526318539 -0.008555460031882912 0.06887721648249628 -0.12296865723969955 28.779794949670283 0.9302594717216675 72.1681914198467 231 image0231.png

232 0.9900895577869337 -0.008334065355709302 0.06701022943723316 -0.12313748440945989 29.042462715342367 0.9346571791019045 72.06283097566269 232 image0232.png

233 0.9901950500487244 -0.008112054657396093 0.06514299543601128 -0.12330591053904634 29.30472904495165 0.9393638835636846 71.95651661898076 233 image0233.png

234 0.990297002351326 -0.007889428659101807 0.06327552120158773 -0.12347393435894947 29.566590163144028 0.9443800511585074 71.84924999806942 234 image0234.png

235 0.9904088221924618 -0.007634996099555698 0.06114703201364519 -0.12366532348974127 29.864512212247345 0.9504166716079094 71.72584925475813 235 image0235.png

236 0.9905288053795137 -0.0073484716556254355 0.05875746585386387 -0.12387996562879718 30.198287991890155 0.9576103058019072 71.58586604702435 236 image0236.png

237 0.9906407046357922 -0.007061196185144073 0.05635951970594577 -0.1241158264108615 30.53247585155298 0.9622846559375464 71.44390638435661 237 image0237.png

238 0.9907477743032993 -0.006771562982001055 0.05395340523082908 -0.12434638600231804 30.867060888998633 0.9682808686643227 71.29990755306531 238 image0238.png

239 0.990850243071682 -0.0064789155115788965 0.051533668171040346 -0.12457166814095318 31.202785396148514 0.9756857286935876 71.15352453478431 239 image0239.png

240 0.9909528893119823 -0.006170237735769045 0.04899579975131666 -0.12479467511575515 31.55408484077891 0.9858142706735933 70.99829387334665 240 image0240.png

241 0.9910548080007495 -0.0058454698441632305 0.046339779486603457 -0.125015290496929 31.920835064065866 0.9987368249037729 70.83397946189889 241 image0241.png

242 0.9911601627199389 -0.005515828038497382 0.04368368389371414 -0.1251512814137672 32.28671651438388 1.0242349803217436 70.66759308386219 242 image0242.png

243 0.9912689711098184 -0.005182029089331827 0.04102777380268053 -0.12520261685042974 32.6516736813966 1.0622193228285113 70.49914700728819 243 image0243.png

244 0.991370661988348 -0.004847992184585206 0.038371574350903846 -0.1252530630459619 33.01569602233695 1.1007147291419024 70.32881398180353 244 image0244.png

245 0.9914693335332928 -0.004496661678392071 0.035578260420362245 -0.12530972860180922 33.39744686996893 1.1410948196346453 70.14768904263087 245 image0245.png

246 0.9915638278625494 -0.004127961866238393 0.032647819909175896 -0.12537246532064977 33.79675918466308 1.183447254111048 69.95547408210496 246 image0246.png

247 0.9916527022402559 -0.0037502017125536154 0.029650091494664434 -0.1254261782925374 34.20398864877733 1.2287297151641603 69.75648512248029 247 image0247.png

248 0.9917077446797182 -0.0034982473697248422 0.02765339096807083 -0.1254543796587997 34.474524808086315 1.2602224592731766 69.62261709711302 248 image0248.png

249 0.9917350040126088 -0.003372311915334753 0.026657880254105034 -0.12545782856726845 34.609199196889165 1.277491468579484 69.55545398701085 249 image0249.png

250 0.991735004011666 -0.0033723119148774397 0.026657880248630993 -0.12545782857589807 34.60919919762535 1.2774914674662412 69.55545398666499 250 image0250.png

251 0.991735004011176 -0.003372311914655784 0.0266578802459188 -0.12545782858035415 34.609199197990016 1.277491466889348 69.55545398649413 251 image0251.png

252 0.9917350040111316 -0.003372311914663764 0.026657880245905766 -0.12545782858070675 34.609199197991614 1.2774914668400967 69.55545398649424 252 image0252.png

