1 SIMPLE_PINHOLE 1920 1080 2591.7287803056834 960.0 540.0
2 SIMPLE_PINHOLE 1920 1080 2591.9768851596186 960.0 540.0
3 SIMPLE_PINHOLE 1920 1080 2592.425061815181 960.0 540.0
4 SIMPLE_PINHOLE 1920 1080 2593.073272406217 960.0 540.0
5 SIMPLE_PINHOLE 1920 1080 2593.734365254366 960.0 540.0
6 SIMPLE_PINHOLE 1920 1080 2594.3954611932018 960.0 540.0
7 SIMPLE_PINHOLE 1920 1080 2595.0565536394465 960.0 540.0
8 SIMPLE_PINHOLE 1920 1080 2595.28152384662 960.0 540.0
9 SIMPLE_PINHOLE 1920 1080 2594.766784182632 960.0 540.0
10 SIMPLE_PINHOLE 1920 1080 2593.51233465655 960.0 540.0
11 SIMPLE_PINHOLE 1920 1080 2592.2578691397016 960.0 540.0
12 SIMPLE_PINHOLE 1920 1080 2592.212669893068 960.0 540.0
13 SIMPLE_PINHOLE 1920 1080 2593.376736917045 960.0 540.0
14 SIMPLE_PINHOLE 1920 1080 2595.245763194077 960.0 540.0
15 SIMPLE_PINHOLE 1920 1080 2597.1147894712135 960.0 540.0
16 SIMPLE_PINHOLE 1920 1080 2598.9838157479558 960.0 540.0
17 SIMPLE_PINHOLE 1920 1080 2600.602025310868 960.0 540.0
18 SIMPLE_PINHOLE 1920 1080 2601.176749222023 960.0 540.0
19 SIMPLE_PINHOLE 1920 1080 2600.7080166179326 960.0 540.0
20 SIMPLE_PINHOLE 1920 1080 2599.2857203412495 960.0 540.0
21 SIMPLE_PINHOLE 1920 1080 2597.863508782666 960.0 540.0
22 SIMPLE_PINHOLE 1920 1080 2596.600697823678 960.0 540.0
23 SIMPLE_PINHOLE 1920 1080 2595.497275224307 960.0 540.0
24 SIMPLE_PINHOLE 1920 1080 2594.414364864417 960.0 540.0
25 SIMPLE_PINHOLE 1920 1080 2593.331461893433 960.0 540.0
26 SIMPLE_PINHOLE 1920 1080 2592.248558265768 960.0 540.0
27 SIMPLE_PINHOLE 1920 1080 2591.231962026163 960.0 540.0
28 SIMPLE_PINHOLE 1920 1080 2590.6565618713375 960.0 540.0
29 SIMPLE_PINHOLE 1920 1080 2590.5224476598164 960.0 540.0
30 SIMPLE_PINHOLE 1920 1080 2590.8296469076035 960.0 540.0
31 SIMPLE_PINHOLE 1920 1080 2591.143689140199 960.0 540.0
32 SIMPLE_PINHOLE 1920 1080 2591.2235643205686 960.0 540.0
33 SIMPLE_PINHOLE 1920 1080 2591.0692869234945 960.0 540.0
34 SIMPLE_PINHOLE 1920 1080 2590.9150047030353 960.0 540.0
35 SIMPLE_PINHOLE 1920 1080 2590.775466537676 960.0 540.0
36 SIMPLE_PINHOLE 1920 1080 2593.2629066171153 960.0 540.0
37 SIMPLE_PINHOLE 1920 1080 2598.3773353095485 960.0 540.0
38 SIMPLE_PINHOLE 1920 1080 2603.4917630907476 960.0 540.0
39 SIMPLE_PINHOLE 1920 1080 2603.2305362181723 960.0 540.0
40 SIMPLE_PINHOLE 1920 1080 2597.593654353633 960.0 540.0
41 SIMPLE_PINHOLE 1920 1080 2591.177759390388 960.0 540.0
42 SIMPLE_PINHOLE 1920 1080 2584.76186401196 960.0 540.0
43 SIMPLE_PINHOLE 1920 1080 2579.5010943668185 960.0 540.0
44 SIMPLE_PINHOLE 1920 1080 2576.4448077269913 960.0 540.0
45 SIMPLE_PINHOLE 1920 1080 2575.5927044918944 960.0 540.0
46 SIMPLE_PINHOLE 1920 1080 2573.496376243682 960.0 540.0
47 SIMPLE_PINHOLE 1920 1080 2570.1556492058603 960.0 540.0
48 SIMPLE_PINHOLE 1920 1080 2566.795692301859 960.0 540.0
49 SIMPLE_PINHOLE 1920 1080 2564.7914409158184 960.0 540.0
50 SIMPLE_PINHOLE 1920 1080 2564.142955413496 960.0 540.0
51 SIMPLE_PINHOLE 1920 1080 2563.646558302105 960.0 540.0
52 SIMPLE_PINHOLE 1920 1080 2562.7238277488923 960.0 540.0
53 SIMPLE_PINHOLE 1920 1080 2561.352553690454 960.0 540.0
54 SIMPLE_PINHOLE 1920 1080 2559.564610440601 960.0 540.0
55 SIMPLE_PINHOLE 1920 1080 2557.78058338725 960.0 540.0
56 SIMPLE_PINHOLE 1920 1080 2556.009066648621 960.0 540.0
57 SIMPLE_PINHOLE 1920 1080 2554.250219104188 960.0 540.0
58 SIMPLE_PINHOLE 1920 1080 2552.50338156403 960.0 540.0
59 SIMPLE_PINHOLE 1920 1080 2551.4778675547823 960.0 540.0
60 SIMPLE_PINHOLE 1920 1080 2551.1731538960357 960.0 540.0
61 SIMPLE_PINHOLE 1920 1080 2550.8660992585674 960.0 540.0
62 SIMPLE_PINHOLE 1920 1080 2548.190299640919 960.0 540.0
63 SIMPLE_PINHOLE 1920 1080 2543.145983587096 960.0 540.0
64 SIMPLE_PINHOLE 1920 1080 2538.101263307471 960.0 540.0
65 SIMPLE_PINHOLE 1920 1080 2533.05686476403 960.0 540.0
66 SIMPLE_PINHOLE 1920 1080 2530.7812931980893 960.0 540.0
67 SIMPLE_PINHOLE 1920 1080 2531.2745546184437 960.0 540.0
68 SIMPLE_PINHOLE 1920 1080 2532.0464219109363 960.0 540.0
69 SIMPLE_PINHOLE 1920 1080 2532.8199263478277 960.0 540.0
70 SIMPLE_PINHOLE 1920 1080 2533.5946565994523 960.0 540.0
71 SIMPLE_PINHOLE 1920 1080 2534.804603056547 960.0 540.0
72 SIMPLE_PINHOLE 1920 1080 2536.449738454128 960.0 540.0
73 SIMPLE_PINHOLE 1920 1080 2538.527095034728 960.0 540.0
74 SIMPLE_PINHOLE 1920 1080 2538.3704771204625 960.0 540.0
75 SIMPLE_PINHOLE 1920 1080 2535.979653831111 960.0 540.0
76 SIMPLE_PINHOLE 1920 1080 2533.5757145341586 960.0 540.0
77 SIMPLE_PINHOLE 1920 1080 2531.1679380628284 960.0 540.0
78 SIMPLE_PINHOLE 1920 1080 2528.8574101175823 960.0 540.0
79 SIMPLE_PINHOLE 1920 1080 2527.084629484363 960.0 540.0
80 SIMPLE_PINHOLE 1920 1080 2525.8503516801916 960.0 540.0
81 SIMPLE_PINHOLE 1920 1080 2525.1545780806655 960.0 540.0
82 SIMPLE_PINHOLE 1920 1080 2524.762941059484 960.0 540.0
83 SIMPLE_PINHOLE 1920 1080 2524.549431847225 960.0 540.0
84 SIMPLE_PINHOLE 1920 1080 2524.3667373539292 960.0 540.0
85 SIMPLE_PINHOLE 1920 1080 2524.185636270857 960.0 540.0
86 SIMPLE_PINHOLE 1920 1080 2523.7712548185473 960.0 540.0
87 SIMPLE_PINHOLE 1920 1080 2523.1240224010367 960.0 540.0
88 SIMPLE_PINHOLE 1920 1080 2522.46257088953 960.0 540.0
89 SIMPLE_PINHOLE 1920 1080 2521.786789052485 960.0 540.0
90 SIMPLE_PINHOLE 1920 1080 2520.836962429817 960.0 540.0
91 SIMPLE_PINHOLE 1920 1080 2519.613591657354 960.0 540.0
92 SIMPLE_PINHOLE 1920 1080 2518.192017109226 960.0 540.0
93 SIMPLE_PINHOLE 1920 1080 2516.8180800567134 960.0 540.0
94 SIMPLE_PINHOLE 1920 1080 2515.4915991155067 960.0 540.0
95 SIMPLE_PINHOLE 1920 1080 2514.169894882801 960.0 540.0
96 SIMPLE_PINHOLE 1920 1080 2512.8529862289465 960.0 540.0
97 SIMPLE_PINHOLE 1920 1080 2512.3326893839194 960.0 540.0
98 SIMPLE_PINHOLE 1920 1080 2512.608985633201 960.0 540.0
99 SIMPLE_PINHOLE 1920 1080 2513.1934162179027 960.0 540.0
100 SIMPLE_PINHOLE 1920 1080 2513.804877063476 960.0 540.0
101 SIMPLE_PINHOLE 1920 1080 2514.4433258617546 960.0 540.0
102 SIMPLE_PINHOLE 1920 1080 2515.085112460204 960.0 540.0
103 SIMPLE_PINHOLE 1920 1080 2515.726898145887 960.0 540.0
104 SIMPLE_PINHOLE 1920 1080 2516.3674476736337 960.0 540.0
105 SIMPLE_PINHOLE 1920 1080 2516.7970073865954 960.0 540.0
106 SIMPLE_PINHOLE 1920 1080 2516.879514183959 960.0 540.0
107 SIMPLE_PINHOLE 1920 1080 2516.6151115260695 960.0 540.0
108 SIMPLE_PINHOLE 1920 1080 2516.1343104416687 960.0 540.0
109 SIMPLE_PINHOLE 1920 1080 2515.647815480046 960.0 540.0
110 SIMPLE_PINHOLE 1920 1080 2515.155608766206 960.0 540.0
111 SIMPLE_PINHOLE 1920 1080 2514.65599990924 960.0 540.0
112 SIMPLE_PINHOLE 1920 1080 2514.1489778289138 960.0 540.0
113 SIMPLE_PINHOLE 1920 1080 2513.63491978216 960.0 540.0
114 SIMPLE_PINHOLE 1920 1080 2513.113838922114 960.0 540.0
115 SIMPLE_PINHOLE 1920 1080 2512.497208041347 960.0 540.0
116 SIMPLE_PINHOLE 1920 1080 2511.772719522522 960.0 540.0
117 SIMPLE_PINHOLE 1920 1080 2510.6533088415335 960.0 540.0
118 SIMPLE_PINHOLE 1920 1080 2509.139094001709 960.0 540.0
119 SIMPLE_PINHOLE 1920 1080 2507.2797642363407 960.0 540.0
120 SIMPLE_PINHOLE 1920 1080 2505.2005554865596 960.0 540.0
121 SIMPLE_PINHOLE 1920 1080 2502.901345075837 960.0 540.0
122 SIMPLE_PINHOLE 1920 1080 2500.267145679916 960.0 540.0
123 SIMPLE_PINHOLE 1920 1080 2497.2979639567848 960.0 540.0
124 SIMPLE_PINHOLE 1920 1080 2494.2574628958805 960.0 540.0
125 SIMPLE_PINHOLE 1920 1080 2491.4226487118503 960.0 540.0
126 SIMPLE_PINHOLE 1920 1080 2488.79338621288 960.0 540.0
127 SIMPLE_PINHOLE 1920 1080 2486.1642194569076 960.0 540.0
128 SIMPLE_PINHOLE 1920 1080 2483.5281204383045 960.0 540.0
129 SIMPLE_PINHOLE 1920 1080 2480.3280510933887 960.0 540.0
130 SIMPLE_PINHOLE 1920 1080 2476.564035764254 960.0 540.0
131 SIMPLE_PINHOLE 1920 1080 2472.319082564498 960.0 540.0
132 SIMPLE_PINHOLE 1920 1080 2467.593192989799 960.0 540.0
133 SIMPLE_PINHOLE 1920 1080 2460.622225231343 960.0 540.0
134 SIMPLE_PINHOLE 1920 1080 2449.0830228290147 960.0 540.0
135 SIMPLE_PINHOLE 1920 1080 2432.985524437939 960.0 540.0
136 SIMPLE_PINHOLE 1920 1080 2417.216773426302 960.0 540.0
137 SIMPLE_PINHOLE 1920 1080 2405.618564640359 960.0 540.0
138 SIMPLE_PINHOLE 1920 1080 2398.191444434411 960.0 540.0
139 SIMPLE_PINHOLE 1920 1080 2394.915029797185 960.0 540.0
140 SIMPLE_PINHOLE 1920 1080 2393.5082142359574 960.0 540.0
141 SIMPLE_PINHOLE 1920 1080 2392.3345065011613 960.0 540.0
142 SIMPLE_PINHOLE 1920 1080 2391.1831836431475 960.0 540.0
143 SIMPLE_PINHOLE 1920 1080 2390.0311851040647 960.0 540.0
144 SIMPLE_PINHOLE 1920 1080 2388.8383108666467 960.0 540.0
145 SIMPLE_PINHOLE 1920 1080 2384.5491997636263 960.0 540.0
146 SIMPLE_PINHOLE 1920 1080 2377.165539867885 960.0 540.0
147 SIMPLE_PINHOLE 1920 1080 2369.781901612631 960.0 540.0
148 SIMPLE_PINHOLE 1920 1080 2372.4722305325486 960.0 540.0
149 SIMPLE_PINHOLE 1920 1080 2385.2365251707374 960.0 540.0
150 SIMPLE_PINHOLE 1920 1080 2398.0007444594685 960.0 540.0
151 SIMPLE_PINHOLE 1920 1080 2407.4550302543666 960.0 540.0
152 SIMPLE_PINHOLE 1920 1080 2413.554715655507 960.0 540.0
153 SIMPLE_PINHOLE 1920 1080 2416.2997968442405 960.0 540.0
154 SIMPLE_PINHOLE 1920 1080 2415.757259608033 960.0 540.0
155 SIMPLE_PINHOLE 1920 1080 2411.92710394681 960.0 540.0
156 SIMPLE_PINHOLE 1920 1080 2407.517311742824 960.0 540.0
157 SIMPLE_PINHOLE 1920 1080 2403.107519538756 960.0 540.0
158 SIMPLE_PINHOLE 1920 1080 2400.7998225345536 960.0 540.0
159 SIMPLE_PINHOLE 1920 1080 2400.594221702616 960.0 540.0
160 SIMPLE_PINHOLE 1920 1080 2401.4696126670865 960.0 540.0
161 SIMPLE_PINHOLE 1920 1080 2402.345003554651 960.0 540.0
162 SIMPLE_PINHOLE 1920 1080 2402.4890046544383 960.0 540.0
163 SIMPLE_PINHOLE 1920 1080 2401.901615947492 960.0 540.0
164 SIMPLE_PINHOLE 1920 1080 2401.3142272822615 960.0 540.0
165 SIMPLE_PINHOLE 1920 1080 2401.839318478741 960.0 540.0
166 SIMPLE_PINHOLE 1920 1080 2403.476889856723 960.0 540.0
167 SIMPLE_PINHOLE 1920 1080 2405.1148390880394 960.0 540.0
168 SIMPLE_PINHOLE 1920 1080 2406.75278849396 960.0 540.0
169 SIMPLE_PINHOLE 1920 1080 2408.3352246145046 960.0 540.0
170 SIMPLE_PINHOLE 1920 1080 2407.9281833147993 960.0 540.0
171 SIMPLE_PINHOLE 1920 1080 2405.563555311571 960.0 540.0
172 SIMPLE_PINHOLE 1920 1080 2403.231451096284 960.0 540.0
173 SIMPLE_PINHOLE 1920 1080 2403.980029189389 960.0 540.0
174 SIMPLE_PINHOLE 1920 1080 2407.6950047359505 960.0 540.0
175 SIMPLE_PINHOLE 1920 1080 2411.447318653658 960.0 540.0
176 SIMPLE_PINHOLE 1920 1080 2415.2130536010986 960.0 540.0
177 SIMPLE_PINHOLE 1920 1080 2417.918756061353 960.0 540.0
178 SIMPLE_PINHOLE 1920 1080 2419.5644507092516 960.0 540.0
179 SIMPLE_PINHOLE 1920 1080 2420.150635976328 960.0 540.0
180 SIMPLE_PINHOLE 1920 1080 2420.517493280037 960.0 540.0
181 SIMPLE_PINHOLE 1920 1080 2420.884817775658 960.0 540.0
182 SIMPLE_PINHOLE 1920 1080 2421.253198262974 960.0 540.0
183 SIMPLE_PINHOLE 1920 1080 2421.6215226222116 960.0 540.0
184 SIMPLE_PINHOLE 1920 1080 2421.989333335706 960.0 540.0
185 SIMPLE_PINHOLE 1920 1080 2422.3564851994174 960.0 540.0
186 SIMPLE_PINHOLE 1920 1080 2422.4527952608737 960.0 540.0
187 SIMPLE_PINHOLE 1920 1080 2422.277757723847 960.0 540.0
188 SIMPLE_PINHOLE 1920 1080 2422.1026859030376 960.0 540.0
189 SIMPLE_PINHOLE 1920 1080 2422.264891770962 960.0 540.0
190 SIMPLE_PINHOLE 1920 1080 2425.2174120094173 960.0 540.0
191 SIMPLE_PINHOLE 1920 1080 2430.9602745770885 960.0 540.0
192 SIMPLE_PINHOLE 1920 1080 2436.703095174833 960.0 540.0
193 SIMPLE_PINHOLE 1920 1080 2439.501365952976 960.0 540.0
194 SIMPLE_PINHOLE 1920 1080 2439.3550720051358 960.0 540.0
195 SIMPLE_PINHOLE 1920 1080 2439.2087979681246 960.0 540.0
196 SIMPLE_PINHOLE 1920 1080 2442.6719611304406 960.0 540.0
197 SIMPLE_PINHOLE 1920 1080 2449.744565231062 960.0 540.0
198 SIMPLE_PINHOLE 1920 1080 2456.817177307789 960.0 540.0
199 SIMPLE_PINHOLE 1920 1080 2460.4248288655003 960.0 540.0
200 SIMPLE_PINHOLE 1920 1080 2460.5675199041284 960.0 540.0
201 SIMPLE_PINHOLE 1920 1080 2459.189902732423 960.0 540.0
202 SIMPLE_PINHOLE 1920 1080 2456.3186451516563 960.0 540.0
203 SIMPLE_PINHOLE 1920 1080 2452.4428307393287 960.0 540.0
204 SIMPLE_PINHOLE 1920 1080 2448.567016311222 960.0 540.0
205 SIMPLE_PINHOLE 1920 1080 2450.8790852747798 960.0 540.0
206 SIMPLE_PINHOLE 1920 1080 2459.3790384989875 960.0 540.0
207 SIMPLE_PINHOLE 1920 1080 2467.8851840462885 960.0 540.0
208 SIMPLE_PINHOLE 1920 1080 2476.391329990883 960.0 540.0
209 SIMPLE_PINHOLE 1920 1080 2483.4368783216737 960.0 540.0
210 SIMPLE_PINHOLE 1920 1080 2489.0218317258 960.0 540.0
211 SIMPLE_PINHOLE 1920 1080 2493.298359614909 960.0 540.0
212 SIMPLE_PINHOLE 1920 1080 2497.271136392357 960.0 540.0
213 SIMPLE_PINHOLE 1920 1080 2500.9401151962243 960.0 540.0
214 SIMPLE_PINHOLE 1920 1080 2499.6846023047947 960.0 540.0
215 SIMPLE_PINHOLE 1920 1080 2493.5046129965435 960.0 540.0
216 SIMPLE_PINHOLE 1920 1080 2487.324623768856 960.0 540.0
217 SIMPLE_PINHOLE 1920 1080 2488.534350636752 960.0 540.0
218 SIMPLE_PINHOLE 1920 1080 2497.1337921182408 960.0 540.0
219 SIMPLE_PINHOLE 1920 1080 2505.774629507328 960.0 540.0
220 SIMPLE_PINHOLE 1920 1080 2514.4154674359047 960.0 540.0
221 SIMPLE_PINHOLE 1920 1080 2523.0563054033837 960.0 540.0
222 SIMPLE_PINHOLE 1920 1080 2531.6935935712177 960.0 540.0
223 SIMPLE_PINHOLE 1920 1080 2537.365185066678 960.0 540.0
224 SIMPLE_PINHOLE 1920 1080 2540.0710798647806 960.0 540.0
225 SIMPLE_PINHOLE 1920 1080 2540.486436267566 960.0 540.0
226 SIMPLE_PINHOLE 1920 1080 2539.924183957688 960.0 540.0
227 SIMPLE_PINHOLE 1920 1080 2538.3843243547935 960.0 540.0
228 SIMPLE_PINHOLE 1920 1080 2536.84445936553 960.0 540.0
229 SIMPLE_PINHOLE 1920 1080 2535.304593308286 960.0 540.0
230 SIMPLE_PINHOLE 1920 1080 2533.7647270151183 960.0 540.0
231 SIMPLE_PINHOLE 1920 1080 2532.2248604690376 960.0 540.0
232 SIMPLE_PINHOLE 1920 1080 2530.684993763301 960.0 540.0
233 SIMPLE_PINHOLE 1920 1080 2529.1445624282414 960.0 540.0
234 SIMPLE_PINHOLE 1920 1080 2527.590186608186 960.0 540.0
235 SIMPLE_PINHOLE 1920 1080 2526.0218665948687 960.0 540.0
236 SIMPLE_PINHOLE 1920 1080 2524.4535463845837 960.0 540.0
237 SIMPLE_PINHOLE 1920 1080 2524.7374783897535 960.0 540.0
238 SIMPLE_PINHOLE 1920 1080 2526.873663504606 960.0 540.0
239 SIMPLE_PINHOLE 1920 1080 2529.2104576178126 960.0 540.0
240 SIMPLE_PINHOLE 1920 1080 2530.9206549282053 960.0 540.0
241 SIMPLE_PINHOLE 1920 1080 2532.0042554199226 960.0 540.0
242 SIMPLE_PINHOLE 1920 1080 2533.086859794441 960.0 540.0
243 SIMPLE_PINHOLE 1920 1080 2534.6832085236138 960.0 540.0
244 SIMPLE_PINHOLE 1920 1080 2536.7933016073775 960.0 540.0
245 SIMPLE_PINHOLE 1920 1080 2538.08551707554 960.0 540.0
246 SIMPLE_PINHOLE 1920 1080 2538.559854928109 960.0 540.0
247 SIMPLE_PINHOLE 1920 1080 2539.0341211963573 960.0 540.0
248 SIMPLE_PINHOLE 1920 1080 2539.5083158802913 960.0 540.0
