1 0.9543989371319292 0.03557066886784637 -0.2679690442039376 -0.12668854591542977 5.914991250317204 -2.994052212933788 72.72284150987954 1 image0001.png

2 0.954400202689109 0.035568178364908214 -0.2679689633201907 -0.1266798819540495 5.914931102750504 -2.9927308793484197 72.72290079025774 2 image0002.png

3 0.9544038391642216 0.03556252916082215 -0.26796520430782605 -0.126662021097666 5.914272012262973 -2.9899981396262927 72.72306680212377 3 image0003.png

4 0.9544098455980482 0.03555372241006359 -0.26795776684776157 -0.12663496608069347 5.913013977675671 -2.985854418096679 72.72333935202582 4 image0004.png

5 0.9544933403370282 0.035506160340681686 -0.26767913781464403 -0.1266082738565415 5.871362342880932 -2.9810997284694665 72.72690902316474 5 image0005.png

6 0.9546540847722315 0.03541987418142873 -0.2671292445584192 -0.1265819009270796 5.789311240724306 -2.975714511679378 72.73370708219927 6 image0006.png

7 0.9548397797570953 0.03532009512896424 -0.26649236733824694 -0.12655158641423367 5.694291086044782 -2.9694913342590876 72.74146216333097 7 image0007.png

8 0.9550250467562981 0.03522037251508881 -0.265855360346466 -0.12652119507450077 5.599260732327782 -2.963233388662143 72.74909397753274 8 image0008.png

9 0.9551854903258353 0.03513583819262898 -0.26529769697398997 -0.1265040865972006 5.516127017777418 -2.959184010692935 72.75560954408097 9 image0009.png

10 0.955320922455286 0.03506714811098401 -0.2648193311322203 -0.1265027750732259 5.444893367305088 -2.9577334602125998 72.7610341901019 10 image0010.png

11 0.9554352116040454 0.03501248045943348 -0.26440675725696966 -0.1265177827661572 5.3835489083759285 -2.95893164909082 72.76555003614894 11 image0011.png

12 0.9555611564923012 0.03494749082132208 -0.26396255481093583 -0.12651212884966023 5.317386779653312 -2.9568861152070607 72.77049793531322 12 image0012.png

13 0.9557002442460355 0.034869017248920914 -0.26348712923927375 -0.1264742167772111 5.246406030913622 -2.9498288188749253 72.77593614041862 13 image0013.png

14 0.9558435114185546 0.03478139636458458 -0.263012845344178 -0.12640284541867147 5.175419996884088 -2.937663618480471 72.78151075470109 14 image0014.png

15 0.9559876271857234 0.03469158533644958 -0.2625387817532319 -0.12632315167926692 5.10442879655778 -2.9242194101522383 72.78706543691895 15 image0015.png

16 0.95613149790998 0.03460186235754488 -0.2620646372814693 -0.12624339868816678 5.033432526708999 -2.910754688554791 72.79254914864765 16 image0016.png

17 0.9562751232109844 0.03451222763300486 -0.26159041326609106 -0.1261635865014146 4.962431437583696 -2.8972694959963157 72.7979618609684 17 image0017.png

18 0.9563605314615209 0.03446427566897632 -0.2612946687608992 -0.12614215648379434 4.91830810993995 -2.8931720743159755 72.80111914043806 18 image0018.png

19 0.9563877307933369 0.03445827397598544 -0.26117741631087193 -0.12618039844502435 4.901065921475464 -2.898666639909816 72.80206337707872 19 image0019.png

20 0.9563718475135602 0.03448693566047222 -0.2611835054824156 -0.12628031127680708 4.9025078800560955 -2.9139052449972613 72.8013579552286 20 image0020.png

21 0.9563558421669999 0.034515829753627394 -0.2611895603879117 -0.12638106738683744 4.90394974811753 -2.9292723559659493 72.80064414377576 21 image0021.png

22 0.9564551373292046 0.0344816663203857 -0.2607909670415018 -0.1264620752395765 4.845073393924647 -2.9404787620014226 72.80413446964302 22 image0022.png

23 0.956669234239177 0.03438438524618917 -0.25998759539582605 -0.12652328067104673 4.725868620493607 -2.947486419771293 72.81168612937938 23 image0023.png

24 0.9568590776651444 0.0342985341037542 -0.2592710904025217 -0.12658126926852137 4.619582506623043 -2.9542213885532114 72.81823384886562 24 image0024.png

25 0.9570239945288187 0.03422590260039105 -0.2586412695675764 -0.1266426277513399 4.52621911041286 -2.9616974144818418 72.82379306521835 25 image0025.png

26 0.9571822717906584 0.034157599512304175 -0.2580309850726774 -0.12670977747456905 4.435800268593816 -2.970089982050599 72.82901474612868 26 image0026.png

27 0.9573393413686841 0.03409088235966732 -0.25742038378000515 -0.12678305573801343 4.3453742515539595 -2.979391618736324 72.83408608345613 27 image0027.png

28 0.9574965432885298 0.034023023636288036 -0.2568098270316821 -0.12685234011683985 4.254941205035109 -2.9880619564133433 72.83906993161355 28 image0028.png

29 0.957686752786386 0.033932010289261 -0.2560914858097041 -0.12689307747460157 4.148338515570497 -2.9920251329638923 72.84505625353108 29 image0029.png

30 0.9579403978277892 0.03380264939710777 -0.25515017378233384 -0.12690927437393223 4.008469737876229 -2.9915115552333003 72.85290781013202 30 image0030.png

31 0.9582561295399363 0.033636404534908355 -0.2539855222728819 -0.12690601626745673 3.835324794801945 -2.9872594465288973 72.8624025964946 31 image0031.png

32 0.9585696985119141 0.033471701106043736 -0.2528202836118264 -0.12690816567219598 3.6621571775940467 -2.983751063677328 72.87145519208987 32 image0032.png

33 0.958846534975392 0.033327905130443404 -0.25178076156160506 -0.12692131898447392 3.507761664551051 -2.9822652011667703 72.87911120335357 33 image0033.png

34 0.9590628468083413 0.033217217416992434 -0.250959582837659 -0.1269423495957926 3.3858711758308964 -2.982665981071049 72.88485938411489 34 image0034.png

35 0.9592079251619762 0.03314229771501882 -0.25040854189336753 -0.12695395446957683 3.304075500301323 -2.9825315779446875 72.8886187130133 35 image0035.png

36 0.9592872589797629 0.03309322035710617 -0.25012917621780106 -0.12691803941951493 3.2623958485515594 -2.97609965082715 72.89075902754657 36 image0036.png

37 0.9593112990523244 0.03306481031042291 -0.2500823390928445 -0.12683601027913635 3.255019075576026 -2.9634611400923863 72.89160374353798 37 image0037.png

38 0.9593354995352246 0.033036322063491684 -0.25003484699796646 -0.1267539981330847 3.2475456476887494 -2.9508230885141593 72.89244979956861 38 image0038.png

39 0.959530434144589 0.03293627173498629 -0.2492887404835176 -0.12677409760135191 3.1368417014270378 -2.951268143539286 72.89727970165471 39 image0039.png

40 0.9598944974662301 0.03276441858757581 -0.24784353852227545 -0.12689612689687943 2.922873955206061 -2.964671251575284 72.90562858674372 40 image0040.png

41 0.960257623734936 0.03259870131071675 -0.24637232378209623 -0.12705628204067212 2.705291192169721 -2.9836453583898415 72.91325261814266 41 image0041.png

42 0.9606185371955647 0.03243254360161892 -0.2449003556953098 -0.12721624067741283 2.4876507166575266 -3.0024515106846827 72.920230569123 42 image0042.png

43 0.9609734108905531 0.03225554079378592 -0.24348025974504123 -0.1273068999071294 2.277416412889245 -3.010795662055825 72.92675525059242 43 image0043.png

44 0.9613225168852733 0.03206798891857238 -0.24211193483631413 -0.1273282122151181 2.0745741493150334 -3.008691445594156 72.93289426109705 44 image0044.png

45 0.9616693300247753 0.03187529682239361 -0.2407610866403348 -0.12731914350147613 1.8742323057264336 -3.0019377578763784 72.93859588981795 45 image0045.png

46 0.9620100106362794 0.031684942679310144 -0.23942674570100797 -0.12730921917135146 1.6763930988017535 -2.9950200160045473 72.94369546916433 46 image0046.png

47 0.9622750628506164 0.031545986560016795 -0.2383518355401441 -0.1273575935798162 1.5173363079315365 -2.9979292560496678 72.9470579127117 47 image0047.png

48 0.9624653583967497 0.03145823589107668 -0.2375366042477316 -0.12746440649567273 1.3970686242666126 -3.0107300052480657 72.94893317596049 48 image0048.png

49 0.9626528816005165 0.031371444323379384 -0.23672966128635256 -0.1275708802765577 1.2780459694503534 -3.023471857952666 72.9505885092115 49 image0049.png

50 0.9629852088693128 0.031189628733203804 -0.23538141743049745 -0.12760204891309762 1.078520311513227 -3.022415067340164 72.95385492566194 50 image0050.png

51 0.963460051459664 0.03091314742497331 -0.23349125718930994 -0.12755759237998807 0.7984823987026282 -3.0073943520458837 72.95807804819425 51 image0051.png

52 0.9639313270776821 0.030636871755737923 -0.23159950797558446 -0.12751253535534499 0.5183390793800946 -2.992081958256744 72.96123571849658 52 image0052.png

53 0.9643689299309294 0.03038856606951353 -0.2297931855290305 -0.12753114882464528 0.2512600999257373 -2.9866164142724294 72.96286821508832 53 image0053.png

54 0.9647411638765936 0.03018586088828662 -0.22820859604342714 -0.1276093147711266 0.017351513799940932 -2.991033340472928 72.96311784660321 54 image0054.png

55 0.9650516151834719 0.03002408002121561 -0.22684651174068646 -0.1277285980574993 -0.18340044198976102 -3.0025964762717656 72.96241447550047 55 image0056.png

56 0.9653076198533961 0.029891783804841934 -0.2257087289718036 -0.1278407211332483 -0.35098672332987135 -3.0140565087287836 72.96132824379225 56 image0057.png

57 0.9655536457274636 0.029762950983515116 -0.22461247000710027 -0.12794359025940272 -0.5124374816555033 -3.0242407482087934 72.95995150176861 57 image0058.png

58 0.9658007716679926 0.02962991926197324 -0.22351610412274858 -0.12802924872007732 -0.673939072250402 -3.031746658768416 72.9583269116014 58 image0059.png

59 0.9660494927474487 0.02949246304501423 -0.22241748999956826 -0.12809774521133288 -0.8358055606490886 -3.036572792121177 72.95645140876233 59 image0060.png

60 0.9662982298696866 0.02935333819195928 -0.22131634001135797 -0.12816079795193105 -0.9980247869074432 -3.040490612510057 72.9542494360412 60 image0061.png

61 0.9665376887261631 0.02922790569842488 -0.22021298842793366 -0.12828431520653386 -1.1602522233858252 -3.0534614922659884 72.95130797394614 61 image0062.png

62 0.9667678418030536 0.029115959200661012 -0.21910748071873087 -0.1284683341076017 -1.32248404227024 -3.075483080466377 72.94762221756008 62 image0063.png

63 0.9670390717677176 0.028978636189946224 -0.21781364819085886 -0.1286580233836608 -1.5124107870547085 -3.0972723084722187 72.94300970809013 63 image0064.png

64 0.9673525699809674 0.02881254116404709 -0.21633183897872 -0.12883857445258004 -1.730017049998171 -3.1165497537011113 72.93735192653749 64 image0065.png

65 0.9676657402463701 0.028642706937629898 -0.2148499554307638 -0.12900429118493925 -1.947615034258174 -3.133445343531614 72.93114193109548 65 image0066.png

66 0.96789857333753 0.028518026630842862 -0.21372871350180483 -0.12914763223969628 -2.1121217510042634 -3.148843582858067 72.92589987936925 66 image0067.png

67 0.9680509755240697 0.02844094317566617 -0.21296800564666082 -0.12927896236070122 -2.223556174644358 -3.164383484748452 72.92191455602227 67 image0068.png

68 0.9682020650476381 0.028363917344565212 -0.2122112391949508 -0.12940880723391 -2.3343949981164513 -3.1796815382407964 72.91778502343786 68 image0069.png

69 0.9683518616348467 0.02828694783687427 -0.2114583710263218 -0.1295371683081553 -2.444644682936943 -3.194738343903241 72.91351388257422 69 image0070.png

70 0.9684950353128478 0.028198452752796702 -0.21080472120646132 -0.12955146990204333 -2.540763478402969 -3.1931361889162666 72.91029796703623 70 image0071.png

71 0.9685958827475224 0.028119601894975192 -0.210421154550227 -0.12943817687052517 -2.597677751226829 -3.1738449280621506 72.90913472322626 71 image0072.png

72 0.9686546446242683 0.028050481282879066 -0.21030780453502823 -0.12919743534330583 -2.6153786622766226 -3.1369073939714998 72.91010049280358 72 image0073.png

73 0.9686856745864582 0.028022559225162433 -0.21020701871827752 -0.12913484931274172 -2.6304701297280495 -3.1268928174140775 72.90998776313965 73 image0074.png

74 0.9686928498113178 0.02803342138561901 -0.2101010991200441 -0.12925098900354157 -2.645555577325947 -3.1437819678016794 72.90871565212464 74 image0075.png

75 0.9686999525042082 0.028044345048224204 -0.20999512547739596 -0.12936755391091512 -2.660646755038666 -3.160733331978605 72.90743357892377 75 image0076.png

76 0.968721563001399 0.02804091270323335 -0.20984789404474552 -0.1294453628210817 -2.6819709040186197 -3.171603070881785 72.90618021434761 76 image0077.png

77 0.9687583016228727 0.028022741048986347 -0.2096565011161198 -0.12948447999901444 -2.709954105894699 -3.176383170682872 72.90493732329182 77 image0078.png

78 0.9688362719293342 0.027975591554696862 -0.2092908060863251 -0.12950290714486007 -2.7636569883520963 -3.17702454428105 72.90289337544792 78 image0079.png

79 0.9689521302551607 0.02790466719768229 -0.20874953834293986 -0.12952501327613128 -2.843154025089902 -3.17718073475376 72.89982952781499 79 image0080.png

80 0.9691112947214461 0.02780639874599826 -0.20800603236932944 -0.12955150763333625 -2.9523490744281276 -3.176784211006524 72.89550620192979 80 image0081.png

81 0.9693150616498348 0.02767798316854405 -0.20706043627038062 -0.1295693491456153 -3.091254352214655 -3.1738463776156713 72.88987579298906 81 image0082.png

82 0.9695208375772509 0.027544973780933554 -0.2061148652272485 -0.12956574491456738 -3.230203832436896 -3.167630010160998 72.8841207035922 82 image0083.png

83 0.9697285313569662 0.02740749767049072 -0.20516969323015863 -0.1295407330670399 -3.3691406380903146 -3.158145955708264 72.87824197179411 83 image0084.png

84 0.9699352460904614 0.027270134357936123 -0.20422455622554297 -0.12951559287597808 -3.5080286085600854 -3.1485960609870514 72.87210183288542 84 image0085.png

85 0.9701293933566756 0.027144236289185223 -0.20331355588384717 -0.129521228281511 -3.641735354962357 -3.1438387580032074 72.86574770689076 85 image0086.png

86 0.9703104459454103 0.027030118230226184 -0.20243970717659168 -0.12955761712819086 -3.7698247513647125 -3.1438907267350444 72.85923084866123 86 image0087.png

87 0.9704797995680238 0.02692568445416511 -0.20160330080571276 -0.12961510425611816 -3.8922996361854345 -3.1473042604010217 72.85264323860031 87 image0088.png

88 0.9706344910400371 0.026830173289174166 -0.20083413902934977 -0.1296706412610844 -4.004888237696218 -3.150807106293147 72.84638928731235 88 image0089.png

89 0.9707746803351112 0.026743596214195055 -0.20013225650549513 -0.12972424595199447 -4.107592596489916 -3.1544113649440284 72.84051427205969 89 image0090.png

90 0.970910719520091 0.026657876516687717 -0.19945629500014148 -0.12976485936268217 -4.206526438045945 -3.156199643007975 72.83479035842458 90 image0091.png

91 0.9710426491495194 0.026573052311211057 -0.19880633462711236 -0.12979247950355885 -4.301679917729913 -3.156176432459059 72.82923346863366 91 image0092.png

92 0.9711698711521836 0.026489578629948413 -0.19818556040168087 -0.1298070384783918 -4.392588485955045 -3.1543562445107636 72.82388585136013 92 image0093.png

93 0.9712878011375289 0.02641053041502589 -0.19761677855376786 -0.12980793534546373 -4.47591569669968 -3.150801389559149 72.81896577606517 93 image0094.png

94 0.971395658813379 0.02633724618838992 -0.19709986409299637 -0.12980164512153136 -4.551658075465468 -3.146488912619441 72.81445710642203 94 image0095.png

95 0.9714887312311611 0.026272898732041527 -0.19665852668167183 -0.129787533170483 -4.616349885764716 -3.14148385973731 72.81060046660356 95 image0096.png

96 0.9715673883282423 0.026217084689490147 -0.1962928621861497 -0.12976357987583287 -4.669990035577065 -3.135489622742938 72.80743811802091 96 image0097.png

97 0.9716471565819148 0.02615867839525889 -0.19593183729160635 -0.1297237132772139 -4.723006276551743 -3.1271320224053003 72.80437764614338 97 image0098.png

98 0.9717288930401865 0.026097130802454876 -0.1955712040404521 -0.1296680467383587 -4.776019788923982 -3.1164011414837667 72.8013792885638 98 image0099.png

99 0.9718116819497629 0.026033834689840146 -0.1952107764045913 -0.12960342222654356 -4.82903049863641 -3.104322945838385 72.79839827157835 99 image0100.png

100 0.97187962759242 0.025979363924279495 -0.19492981061344342 -0.12952772311407257 -4.870447681474779 -3.0911064852962085 72.79620146336441 100 image0101.png

101 0.971920294517161 0.025942024166982398 -0.19479066680715496 -0.12943936268623477 -4.891155653653346 -3.076931029117798 72.79541358650245 101 image0102.png

102 0.9719332509038758 0.025922518901771767 -0.19479326350083664 -0.12934203994024668 -4.8911556542203165 -3.062352400996163 72.79602833640351 102 image0103.png

103 0.9719271808133175 0.025915639921939626 -0.19489064345832663 -0.12924229917527982 -4.877294640680827 -3.048039101048607 72.79755903904076 103 image0104.png

104 0.9719169610073608 0.02591274718805238 -0.195000838061199 -0.12915348851198186 -4.861515305563437 -3.035448454021971 72.79914057894439 104 image0105.png

105 0.9719044162840074 0.025913384932445493 -0.19511016595750189 -0.1290826294627672 -4.845792329299648 -3.025543025680326 72.8006011892568 105 image0106.png

106 0.9718896649013575 0.02591751279746339 -0.19521788235961943 -0.1290299972694184 -4.830233634777098 -3.018359467707217 72.8019333299146 106 image0107.png

107 0.9718727062722683 0.02592514194480313 -0.1953239923800052 -0.12899561162649958 -4.814838375043106 -3.0139010731625504 72.80313783869184 107 image0108.png

108 0.97185659000093 0.025932197509746447 -0.1954258625371258 -0.12896131922285878 -4.8000628364887525 -3.009427810367745 72.80429855740735 108 image0109.png

109 0.9718416720879882 0.025938284507991138 -0.19552270494296076 -0.1289257214127326 -4.786027859067438 -3.004724791059745 72.8054167880274 109 image0110.png

110 0.971830766159084 0.02593913047233997 -0.19561511032207093 -0.12886757571503601 -4.772730043426048 -2.996609412865066 72.80662419983133 110 image0111.png

111 0.9718236950670389 0.025934852576796626 -0.19570389814137434 -0.12878693016116746 -4.76004932110909 -2.985094090589694 72.80792739219471 111 image0112.png

112 0.9718172436924494 0.025930145035733584 -0.1957895280488018 -0.1287063834736399 -4.747830154241139 -2.9735718598177296 72.80919671742808 112 image0113.png

113 0.9718052364692705 0.02593395250844034 -0.1958734987619792 -0.12866850803882088 -4.735686923439371 -2.9684392915161144 72.81019698470749 113 image0114.png

114 0.9717888148307317 0.02594553887795839 -0.19595018088606478 -0.128673443231044 -4.724443043549147 -2.96968101706822 72.81087679736652 114 image0115.png

115 0.9717770720862025 0.02595405184318194 -0.19600362776998256 -0.12867900862804066 -4.716597638720867 -2.9708652227580856 72.81133712519487 115 image0116.png

116 0.971771869027427 0.025956582386417355 -0.19603468869303387 -0.12867047534995538 -4.712084181364727 -2.9697878985811776 72.8116733080715 116 image0117.png

117 0.971770847292049 0.02595467713929107 -0.19605507062546995 -0.12864751987477444 -4.709190326803757 -2.9664770252141572 72.81199549484258 117 image0118.png

118 0.9717700084249292 0.0259525021014892 -0.19607542215057702 -0.12862327623318565 -4.706305942429008 -2.962972627587318 72.81232467790454 118 image0119.png

119 0.9717671492440286 0.025951553004331305 -0.1961063574567762 -0.12859790477232655 -4.701876626877709 -2.9593680073386857 72.81275743026714 119 image0120.png

120 0.9717508657757407 0.02595930287016814 -0.19620435672207415 -0.12856990262837772 -4.687640105284448 -2.9558057598953162 72.81382004790889 120 image0121.png

121 0.9717210730609557 0.025975868866345897 -0.19636925888154233 -0.12853997266304729 -4.663616321643875 -2.9523889169827005 72.8155013022882 121 image0122.png

122 0.9716913173825966 0.025992367304170046 -0.1965339210807443 -0.12850991568679324 -4.639626952847983 -2.9489495099356944 72.81717315264592 122 image0123.png

123 0.9716764224767505 0.02599849690375678 -0.19662872063645784 -0.12847627945421974 -4.62587919403688 -2.9445178156096734 72.81822714081889 123 image0124.png

124 0.9716765584263961 0.025994166161246973 -0.19665291368362645 -0.1284390932308233 -4.622482721583346 -2.939094776043298 72.81866191301691 124 image0125.png

125 0.9716773570930994 0.025988878141252184 -0.1966768743960356 -0.12839742599964543 -4.619137780029334 -2.9329977200511 72.81912000264383 125 image0126.png

126 0.9716668443753571 0.02599365359253864 -0.19674099971040354 -0.12837777279380472 -4.609825958392058 -2.93046417842187 72.81981208262269 126 image0127.png

127 0.9716471180906862 0.026007121554570696 -0.19683490265038653 -0.12838040595481331 -4.596066647351702 -2.931467442985726 72.82064142411804 127 image0128.png

128 0.9716269980008853 0.026022174920902565 -0.1969229323783755 -0.1283946333445264 -4.583121384355877 -2.934172197617565 72.82134837605761 128 image0129.png

129 0.9716150505617235 0.026031955165787577 -0.19697027860739877 -0.12841043640417096 -4.576126688545351 -2.9368500375232447 72.82168031433801 129 image0130.png

130 0.9716108411479879 0.02603675435422377 -0.1969790765710496 -0.12842781700088918 -4.574770230084482 -2.939515281265468 72.82165800549518 130 image0131.png

131 0.9716132569176781 0.02603831503621823 -0.19694888665537388 -0.1284555221744293 -4.579082152356175 -2.9434777183547 72.82122693953792 131 image0132.png

132 0.9716319179897783 0.026030328002654934 -0.19683233776830913 -0.12849462547609267 -4.595994358343372 -2.948591186677815 72.81995463667965 132 image0133.png

133 0.9717527785977538 0.025955849266170925 -0.1962079051024297 -0.1285507259867978 -4.687195642841623 -2.9529517124679874 72.81396446153526 133 image0134.png

134 0.9719831174830016 0.02580587157348457 -0.19505521562228517 -0.12859369805282855 -4.855737347635785 -2.9518499651417596 72.80296384083707 134 image0135.png

135 0.9723240213125836 0.025578461959973275 -0.193358892437964 -0.1286237869814623 -5.103771565396066 -2.945120678582862 72.78626881090278 135 image0136.png

136 0.9726695975334628 0.02534318023033639 -0.19164076674179534 -0.1286288994453455 -5.354936579451117 -2.934342533518638 72.76865695848866 136 image0137.png

137 0.9730145455562349 0.02510459422968744 -0.18992121903427947 -0.12861719964720777 -5.606213844788318 -2.920878417400436 72.75027136041095 137 image0138.png

138 0.9731946044773832 0.024974752338559385 -0.18904779413908762 -0.12856692845705903 -5.73395132211645 -2.907345188949968 72.7408571134823 138 image0139.png

139 0.9732133838321834 0.02495174515041224 -0.1890202725569612 -0.12846967154294617 -5.738333886882469 -2.8925994001629345 72.74109938905924 139 image0140.png

140 0.9732088144054191 0.024941939695115267 -0.18913070480549468 -0.12834360018177962 -5.72268195616147 -2.874491852503324 72.74305021948611 140 image0141.png

141 0.9731973831196098 0.024936737512265127 -0.1892762652194448 -0.1282166449255566 -5.701903679032579 -2.856491443840678 72.74539090885732 141 image0142.png

142 0.9731700786611424 0.024949660562671956 -0.18945364591670955 -0.1281593870355956 -5.6762173785067915 -2.849138706938266 72.74768802042252 142 image0143.png

143 0.9731236070650877 0.024982965635051774 -0.18967969596994833 -0.1281714076440553 -5.6431628225746415 -2.852486926105138 72.75012837865285 143 image0144.png

144 0.9730653619214329 0.025024597064736205 -0.1899630845383934 -0.12818579282868023 -5.601722283708359 -2.856578517208993 72.75317047419574 144 image0145.png

145 0.9729953122345564 0.025074288174142232 -0.1903054011346854 -0.12820006529290298 -5.551670148560973 -2.8610510267652955 72.75683124628219 145 image0146.png

146 0.9729157691774313 0.025130452254429916 -0.1906944914369646 -0.12821457557927124 -5.494777386431469 -2.865871265154494 72.76096034812409 146 image0147.png

147 0.9728264409679583 0.02519349981469168 -0.1911299388069648 -0.12823162563247953 -5.431093165772214 -2.8713783775263053 72.76552453362746 147 image0148.png

148 0.9726234607449322 0.025335590697006607 -0.19212039079193885 -0.1282632718066157 -5.286227169530953 -2.882800781351639 72.77574052789372 148 image0149.png

149 0.9723051289744998 0.02555686862422237 -0.19366547202727588 -0.1283092653726067 -5.060144684415349 -2.900015415357922 72.79112579002768 149 image0150.png

150 0.9719325138607328 0.02581240666293177 -0.19546787678435243 -0.12834803196014016 -4.796303269295489 -2.917711567437637 72.80827962240522 150 image0151.png

151 0.971567750878418 0.026050957100032544 -0.19727185522837629 -0.12830147396651065 -4.532393348885154 -2.922444430306422 72.82499486096043 151 image0152.png

152 0.9712108315259596 0.026272044858424586 -0.19907745223721118 -0.1281696859493388 -4.268420225934083 -2.9142049316429706 72.8412736421281 152 image0153.png

153 0.9709111008722431 0.026453826986746316 -0.20059107544789823 -0.12804315558224824 -4.047077279923709 -2.904732884993191 72.8542849788077 153 image0154.png

154 0.9706795347141371 0.026590568174461312 -0.2017653871578341 -0.12792541231653207 -3.8753583178761417 -2.8943440958164857 72.86403445856702 154 image0155.png

155 0.970517362487999 0.02668239108738868 -0.2026006317563692 -0.12781659957578914 -3.753283956887053 -2.8831333506694374 72.87086900152482 155 image0156.png

156 0.9703610213003423 0.026768579129561838 -0.20341143597056655 -0.12769776516733916 -3.634805851975454 -2.870220781548868 72.8773844652768 156 image0157.png

157 0.970208780932294 0.026846924262536893 -0.20422311611851088 -0.1275424748950671 -3.5163190626897176 -2.8517858162785714 72.88392117143258 157 image0158.png

158 0.9700320193091103 0.026934620786144985 -0.2051733366876303 -0.12734327477594 -3.377645176942554 -2.827526102800789 72.89142443808338 158 image0159.png

159 0.9698366385926677 0.027021149301184544 -0.20626357878722995 -0.12705151710862236 -3.218750939421895 -2.7900985044076307 72.9000558308554 159 image0160.png

160 0.9696220954078401 0.027106075875854407 -0.2074938254357474 -0.12666714314912733 -3.0396247105010374 -2.739451232413856 72.90966490103146 160 image0161.png

161 0.9693800689865743 0.027195342385183237 -0.20889139996828263 -0.1262025285936388 -2.8361841621829633 -2.677555840787102 72.92016114582997 161 image0162.png

162 0.9690788751146441 0.02731739430768221 -0.2105509225268132 -0.12573067564394363 -2.5941928189532604 -2.6158822022545536 72.93140936070124 162 image0163.png

163 0.9687130754497278 0.02747881506322579 -0.21247113773342005 -0.12528331016427172 -2.3136536374445953 -2.5591199008624006 72.94286160821434 163 image0164.png

164 0.9683391736600564 0.02764565771539605 -0.21438986847854016 -0.1248677166388346 -2.0330657604084053 -2.5068732505981313 72.95303542372622 164 image0165.png

165 0.967989499433845 0.027792279726128192 -0.21619188321939997 -0.12443869094251973 -1.7695891466144325 -2.4517246676367623 72.9617759365988 165 image0166.png

166 0.9676646885901302 0.027918739829963173 -0.21787728158612865 -0.12399630877857519 -1.5232364937241236 -2.3937246605151383 72.96926051598707 166 image0167.png

167 0.9673368733310015 0.028043455057724327 -0.219562691874749 -0.12355226610362637 -1.276794942238773 -2.335264505108789 72.97588287772072 167 image0168.png

168 0.9670056011822289 0.028166769497626466 -0.22124968672597942 -0.12310717485963019 -1.0300321021300505 -2.276445458687224 72.98164137204893 168 image0169.png

169 0.966670856761664 0.02828868376346307 -0.22293825508761658 -0.12266107563970782 -0.7829512106305536 -2.217274263610568 72.9865318374415 169 image0170.png

170 0.9663360174119641 0.028403240020598814 -0.22462820193073496 -0.1221889041856151 -0.5356915517824703 -2.153960822852765 72.99066128451724 170 image0171.png

171 0.9660010366388441 0.028510310904400763 -0.2263195138620811 -0.1216907434032857 -0.2882581195839613 -2.086514082235624 72.99401697164834 171 image0172.png

172 0.9656431209097688 0.028626260199444857 -0.2280939067987536 -0.12119022216299764 -0.028484645856629243 -2.0188741531741066 72.99648267687118 172 image0173.png

173 0.9652149072574658 0.028802038491313756 -0.23006307486241007 -0.12083710924860641 0.26080011337566944 -1.97417673197244 72.99724485861067 173 image0174.png

174 0.9647153442556826 0.02903836094399685 -0.23222665857593452 -0.12063107890582091 0.5795905588374275 -1.9523334561724308 72.99599726201552 174 image0175.png

175 0.964210926091509 0.029273895833206463 -0.2343890943149553 -0.12042458841414358 0.8983606181746673 -1.930139065558052 72.9933603747867 175 image0176.png

176 0.9638343187454531 0.02940879597259676 -0.23610539999406516 -0.120053191634263 1.1505327588405976 -1.8808723262199472 72.99110727396493 176 image0177.png

177 0.9635877331854243 0.029442624947779814 -0.23737613598370186 -0.11951728894267487 1.3361083312441728 -1.804708938694377 72.98986907502942 177 image0178.png

178 0.963339209335169 0.02947510285726615 -0.23864659210427705 -0.11898146975920157 1.5216786054533848 -1.7284323979512362 72.98808233597852 178 image0179.png

179 0.9630842301396375 0.029508493527782544 -0.23993480527114494 -0.11844536160424524 1.7099109191820148 -1.6520556502612607 72.98568396742652 179 image0180.png

180 0.9628119946671942 0.02956470472656539 -0.24123808749862383 -0.11799650969166896 1.9008059769245698 -1.5888472818952604 72.98236532457045 180 image0181.png

181 0.9625239091873906 0.029643409622854878 -0.24255102200709588 -0.11763500427963014 2.0935654699433606 -1.5388073563439217 72.97816250741919 181 image0182.png

182 0.9622285801927098 0.02973230852026294 -0.24386221740088604 -0.11731738240644843 2.2863069538163465 -1.4953058319596302 72.97328283966674 182 image0183.png

183 0.9619626329963046 0.029805523814116486 -0.2450503003247696 -0.1170037340417959 2.4608663689238313 -1.4518674330097863 72.96848199796557 183 image0184.png

184 0.9617265139381185 0.029863180901934603 -0.246115404828752 -0.1166940886284814 2.6172522080303153 -1.4085241074584474 72.96388968616208 184 image0185.png

185 0.961484063540585 0.029931927826656914 -0.2471765378320416 -0.11643124322719174 2.7732887815193052 -1.3721986824849974 72.9588177503326 185 image0186.png

186 0.961203056234618 0.030027025780237 -0.24835862152572763 -0.116211262457058 2.9474759325226074 -1.3427087047133366 72.95253707978667 186 image0187.png

187 0.9608873446924483 0.030139325410454446 -0.24966274667772684 -0.11599846893399919 3.139821669555648 -1.3146169010208943 72.94502347455308 187 image0188.png

188 0.960569555801058 0.030251229203771456 -0.250967530773655 -0.11578553492208604 3.3323024493720794 -1.2864035159045741 72.9369870079395 188 image0189.png

189 0.9602518536121792 0.030358591245113312 -0.2522721543774115 -0.11555731780274836 3.524724775197793 -1.2557646657045574 72.92847535619839 189 image0190.png

190 0.9599341962400297 0.030461362538265556 -0.25357674797683794 -0.11531382036343886 3.7171061372700507 -1.222700166757825 72.91948486983874 190 image0191.png

191 0.959615052636543 0.030562827830268403 -0.2548809589782522 -0.11506763688678323 3.909451898131305 -1.1891230018127423 72.90998093374404 191 image0192.png

192 0.9592750130477655 0.030672232808441963 -0.2562561938183498 -0.11481910383941461 4.112360221621177 -1.1552874689168817 72.89936180576585 192 image0193.png

193 0.9589002207464135 0.030816979460715068 -0.25770538649733227 -0.1146674068759648 4.326744693678975 -1.1362726501649156 72.8872506837538 193 image0194.png

194 0.9584903650369149 0.030997486311754557 -0.25922841872608826 -0.11461240290006196 4.552600353943102 -1.1320485596370151 72.8735579170666 194 image0195.png

195 0.9580779540635402 0.031178184354724112 -0.26075080885703505 -0.1145581530846478 4.778416531950054 -1.127813684068311 72.85916496335498 195 image0196.png

196 0.9577451401631856 0.031322960173188405 -0.2619728878011291 -0.1145134259243254 4.9597185211735955 -1.1241451856498959 72.84710452178912 196 image0197.png

197 0.957496488138812 0.031423962995908945 -0.26289599721320406 -0.11444957143103887 5.096541218055425 -1.1167439047775964 72.83777384077554 197 image0198.png

198 0.9572503824597685 0.031516941714036226 -0.2638198206890516 -0.11435685321491627 5.233345435782038 -1.1049033821503187 72.82825297562789 198 image0199.png

199 0.9569955421452967 0.03161315425687498 -0.2647717484839548 -0.11426312614623362 5.3743364032845875 -1.09292851895583 72.81816506128771 199 image0200.png

200 0.9566777928112736 0.03173874334345399 -0.2659404483839308 -0.11417500088058721 5.547588305748242 -1.082260782376732 72.80533032000483 200 image0201.png

201 0.9562958394203299 0.031894860850953735 -0.26732558011591634 -0.11409653620664273 5.7530851546205035 -1.073477289700774 72.7895102685019 201 image0202.png

202 0.9556986448456952 0.032181391375571605 -0.2693880962702269 -0.11416878679016035 6.060087592569918 -1.0890120140176602 72.76436310873521 202 image0203.png

203 0.9548817432405782 0.03259961539835339 -0.2721265588077137 -0.11439081035286919 6.468481002721557 -1.1285186389050175 72.72859373461881 203 image0204.png

204 0.9540568914163323 0.03301937968638215 -0.2748625203811274 -0.11461135805785312 6.876660079917034 -1.1674220810368396 72.69052083488015 204 image0205.png

205 0.9536369509277032 0.033210459044688515 -0.27628511131856565 -0.11463057401514753 7.088464039668292 -1.1729469066819664 72.67008339425927 205 image0206.png

206 0.9536278453291325 0.03317167100146247 -0.2763962152916782 -0.11444957417274718 7.104061751616957 -1.145548288236931 72.66899733149407 206 image0207.png

207 0.9536560043448571 0.033107946336072704 -0.27639626803683504 -0.11423306124638148 7.1029498543874965 -1.1125376309263633 72.66961889814746 207 image0208.png

208 0.9536841138646265 0.033044223971718106 -0.27639630611670046 -0.11401654348993527 7.101837972083317 -1.079526956010037 72.67022544609095 208 image0209.png

209 0.953645894962473 0.033019561654477524 -0.27660311325565456 -0.11384170284500242 7.131712942273104 -1.0532356596748986 72.66768547690484 209 image0210.png

210 0.9535412381426792 0.033033877719022706 -0.27701666920810103 -0.11370855317442255 7.192570992936968 -1.0336574844978443 72.66196819610974 210 image0212.png

211 0.9533761644256836 0.03308368200336557 -0.27761701362169394 -0.11361405211435842 7.281428340500401 -1.0202803801431717 72.65330671541531 211 image0213.png

212 0.9531979220373504 0.03314039246328582 -0.27825779042016674 -0.11352549441223794 7.376337648593843 -1.0078564391963152 72.64390556480335 212 image0214.png

213 0.9530064283895273 0.033204016428371085 -0.278938978414057 -0.11344288017581142 7.477296777265597 -0.9963815587657052 72.63374149877043 213 image0215.png

214 0.9525529942668531 0.03342956204028022 -0.2804090599021817 -0.11356062970863627 7.696738594903508 -1.0166773438643197 72.61053456349399 214 image0216.png

215 0.9518338769464142 0.033818313315962446 -0.2826667264898915 -0.11387762781648872 8.034540486150675 -1.0684035290120413 72.57318940553571 215 image0217.png

216 0.951109267497832 0.03420870164461538 -0.2849225149865739 -0.11419319798154663 8.372159387073264 -1.1196565772827096 72.53424338726192 216 image0218.png

217 0.9507825167066403 0.0343664447951536 -0.2859643798925402 -0.11426253467258608 8.527715163253117 -1.1315827156346732 72.51593440112498 217 image0219.png

218 0.9508577090877695 0.03429032288645881 -0.2857937218103698 -0.114086543459245 8.501348921519646 -1.1045129344753288 72.51944749588426 218 image0220.png

219 0.950933724237135 0.034212288018235816 -0.2856228733072696 -0.11390410747970882 8.474923014410908 -1.076459141970112 72.52296231561172 219 image0221.png

220 0.9510096713246868 0.03413432095426208 -0.28545199511675673 -0.11372164114083834 8.448495920002507 -1.0484002968639814 72.52645669632149 220 image0222.png

221 0.9510855502477092 0.034056421876962825 -0.28528108733681506 -0.11353914499799145 8.422067655517147 -1.0203364955046563 72.52993063045072 221 image0223.png

222 0.9511553667023179 0.03398124237213077 -0.2851296861305586 -0.11335698323135901 8.39854956554797 -0.9923487190767091 72.53304596272613 222 image0225.png

223 0.9511918921373301 0.03392515289042655 -0.28507915116209226 -0.11319428389396714 8.390158887290603 -0.9674614954100509 72.53435323704953 223 image0226.png

224 0.9511951545642671 0.03388809781790862 -0.2851294980325092 -0.11305106859943125 8.396896233665903 -0.9456782426950792 72.53386087696215 224 image0227.png

225 0.9511651374256679 0.03387003917129089 -0.2852807666633192 -0.11292734816923052 8.41876647152949 -0.9269992844678807 72.53156685775241 225 image0228.png

226 0.9510130312644258 0.03392782505276594 -0.28579143843247784 -0.1128998262670605 8.494669221121569 -0.9234510447655051 72.52276180901974 226 image0229.png

227 0.9507382604292921 0.03406159967853658 -0.2866613188742883 -0.11296838426956464 8.624583528459464 -0.9349870718833397 72.50727898323173 227 image0230.png

228 0.9503651766831253 0.03425819890759373 -0.28781226176442876 -0.1131216545746379 8.796827103946981 -0.9597364214748048 72.4862599829838 228 image0231.png

229 0.9499906597817627 0.03445522057616064 -0.28896270896510823 -0.11327460849636954 8.969018465273834 -0.9843700345532405 72.46482505892642 229 image0232.png

230 0.9496147104060214 0.03465266416336754 -0.2901126586561485 -0.11342724511478666 9.141156591485277 -1.0088874201776186 72.44297446791865 230 image0233.png

231 0.9492373292208026 0.03485052917942376 -0.29126210903582517 -0.11357956360928104 9.313240465080462 -1.0332881033669459 72.42070846899517 231 image0234.png

232 0.9488585169001093 0.03504881514091122 -0.29241105826412017 -0.11373156320125322 9.48526906326412 -1.0575716162995104 72.39802732457593 232 image0235.png

233 0.9484783262069049 0.035247387320325174 -0.2935595205872852 -0.11388280939370257 9.657241358718224 -1.0816713009753371 72.37493228979403 233 image0236.png

234 0.9481572517634792 0.03540417525023898 -0.2945427880340895 -0.11396892699451881 9.804251397153056 -1.095628793545428 72.35495421534269 234 image0237.png

235 0.9479002724890101 0.03551720746881548 -0.2953468063670471 -0.1139906371491249 9.924198128152486 -1.099567998416175 72.33854013695739 235 image0238.png

236 0.9477021134512412 0.03560120203297919 -0.2959699547650183 -0.11399580891528648 10.017100453789798 -1.1008178109729752 72.32571497096927 236 image0239.png

237 0.9475435505153895 0.03566746544519642 -0.2964688902054915 -0.11399670576700656 10.091468275068603 -1.1013080321184852 72.31536860230912 237 image0240.png

238 0.9474247839643885 0.035715973717341566 -0.29684367801265565 -0.11399332776690448 10.147309854959744 -1.1010487973519183 72.30755798441439 238 image0241.png

239 0.9473350229618559 0.03575330219380579 -0.29712548117263043 -0.11399343880255239 10.1893126413405 -1.1012535372813463 72.301647947746 239 image0242.png

240 0.9472444918690486 0.03579093714789318 -0.29740937925845806 -0.11399360758797913 10.231628504963034 -1.1014641077182699 72.2956686280167 240 image0243.png

241 0.9471342263136295 0.03584348694771106 -0.2977441729290763 -0.1140193372875501 10.281675145597525 -1.1056045454406398 72.2885049105711 241 image0244.png

242 0.9470041690436616 0.035910984809105595 -0.2981298394302874 -0.1140706089456663 10.339450139738542 -1.113669313821763 72.28014014155946 242 image0245.png

243 0.9468739494346642 0.03597853218457253 -0.2985154480049632 -0.11412184894331484 10.397218232394493 -1.121721296649529 72.27172850967912 243 image0246.png

244 0.9467875603212182 0.03601072784073444 -0.2987905994560174 -0.11410837295347748 10.438156119262956 -1.1198222529547124 72.26585668466016 244 image0247.png

245 0.9467450973230388 0.03600751642324139 -0.29895533173282324 -0.11403021127901747 10.462268118119642 -1.1079816512822607 72.26255233453327 245 image0248.png

246 0.9467066393177397 0.035993998953095935 -0.2991208303279056 -0.11391970845740426 10.486310904801805 -1.0912022786027293 72.25932264151919 246 image0249.png

247 0.9466681408970773 0.03598044438245341 -0.29928632086475015 -0.11380921217438647 10.510352470195194 -1.0744224374733449 72.25608109214252 247 image0250.png

248 0.9466296020616237 0.03596685271729128 -0.2994518033319425 -0.1136987224532992 10.534392811507463 -1.0576421360784956 72.25282768598757 248 image0251.png

