1 SIMPLE_PINHOLE 1920 1080 3048.279218864069 960.0 540.0
2 SIMPLE_PINHOLE 1920 1080 3046.8018354787946 960.0 540.0
3 SIMPLE_PINHOLE 1920 1080 3045.4158713940615 960.0 540.0
4 SIMPLE_PINHOLE 1920 1080 3044.1213266098716 960.0 540.0
5 SIMPLE_PINHOLE 1920 1080 3043.1527267721876 960.0 540.0
6 SIMPLE_PINHOLE 1920 1080 3042.510084744982 960.0 540.0
7 SIMPLE_PINHOLE 1920 1080 3042.193400528262 960.0 540.0
8 SIMPLE_PINHOLE 1920 1080 3042.1934005279945 960.0 540.0
9 SIMPLE_PINHOLE 1920 1080 3041.615836457249 960.0 540.0
10 SIMPLE_PINHOLE 1920 1080 3039.356520804337 960.0 540.0
11 SIMPLE_PINHOLE 1920 1080 3035.4192323793586 960.0 540.0
12 SIMPLE_PINHOLE 1920 1080 3031.4847371994847 960.0 540.0
13 SIMPLE_PINHOLE 1920 1080 3032.0894910995557 960.0 540.0
14 SIMPLE_PINHOLE 1920 1080 3037.1784271263887 960.0 540.0
15 SIMPLE_PINHOLE 1920 1080 3042.233582256736 960.0 540.0
16 SIMPLE_PINHOLE 1920 1080 3045.7326681922095 960.0 540.0
17 SIMPLE_PINHOLE 1920 1080 3047.6792592455336 960.0 540.0
18 SIMPLE_PINHOLE 1920 1080 3050.0425392647444 960.0 540.0
19 SIMPLE_PINHOLE 1920 1080 3052.822322850049 960.0 540.0
20 SIMPLE_PINHOLE 1920 1080 3055.6020440612306 960.0 540.0
21 SIMPLE_PINHOLE 1920 1080 3058.3817011545975 960.0 540.0
22 SIMPLE_PINHOLE 1920 1080 3061.1612864233243 960.0 540.0
23 SIMPLE_PINHOLE 1920 1080 3062.554075352811 960.0 540.0
24 SIMPLE_PINHOLE 1920 1080 3047.7684289317 960.0 540.0
25 SIMPLE_PINHOLE 1920 1080 3016.804346638232 960.0 540.0
26 SIMPLE_PINHOLE 1920 1080 2974.5017875533304 960.0 540.0
27 SIMPLE_PINHOLE 1920 1080 2932.1992284644043 960.0 540.0
28 SIMPLE_PINHOLE 1920 1080 2928.0276550096287 960.0 540.0
29 SIMPLE_PINHOLE 1920 1080 2961.9870671875237 960.0 540.0
30 SIMPLE_PINHOLE 1920 1080 2999.715025382576 960.0 540.0
31 SIMPLE_PINHOLE 1920 1080 3037.44298357799 960.0 540.0
32 SIMPLE_PINHOLE 1920 1080 3057.552173625678 960.0 540.0
33 SIMPLE_PINHOLE 1920 1080 3060.0425955256674 960.0 540.0
34 SIMPLE_PINHOLE 1920 1080 3061.636479711346 960.0 540.0
35 SIMPLE_PINHOLE 1920 1080 3062.763748341428 960.0 540.0
36 SIMPLE_PINHOLE 1920 1080 3063.89271138037 960.0 540.0
37 SIMPLE_PINHOLE 1920 1080 3065.0371331662022 960.0 540.0
38 SIMPLE_PINHOLE 1920 1080 3066.193426865406 960.0 540.0
39 SIMPLE_PINHOLE 1920 1080 3067.347612110349 960.0 540.0
40 SIMPLE_PINHOLE 1920 1080 3068.491195375441 960.0 540.0
41 SIMPLE_PINHOLE 1920 1080 3069.624654346602 960.0 540.0
42 SIMPLE_PINHOLE 1920 1080 3070.7581133097738 960.0 540.0
43 SIMPLE_PINHOLE 1920 1080 3073.4257095131456 960.0 540.0
44 SIMPLE_PINHOLE 1920 1080 3077.6277936154024 960.0 540.0
45 SIMPLE_PINHOLE 1920 1080 3081.8305479049977 960.0 540.0
46 SIMPLE_PINHOLE 1920 1080 3086.0256599714344 960.0 540.0
47 SIMPLE_PINHOLE 1920 1080 3090.2131297972455 960.0 540.0
48 SIMPLE_PINHOLE 1920 1080 3096.0694594339134 960.0 540.0
49 SIMPLE_PINHOLE 1920 1080 3103.594648821332 960.0 540.0
50 SIMPLE_PINHOLE 1920 1080 3111.206879822411 960.0 540.0
51 SIMPLE_PINHOLE 1920 1080 3118.8191123612455 960.0 540.0
52 SIMPLE_PINHOLE 1920 1080 3123.51445137143 960.0 540.0
53 SIMPLE_PINHOLE 1920 1080 3125.292877422768 960.0 540.0
54 SIMPLE_PINHOLE 1920 1080 3127.071217447239 960.0 540.0
55 SIMPLE_PINHOLE 1920 1080 3130.0399957753784 960.0 540.0
56 SIMPLE_PINHOLE 1920 1080 3134.1992124075437 960.0 540.0
57 SIMPLE_PINHOLE 1920 1080 3138.9653461988864 960.0 540.0
58 SIMPLE_PINHOLE 1920 1080 3143.9470853824987 960.0 540.0
59 SIMPLE_PINHOLE 1920 1080 3149.144429958473 960.0 540.0
60 SIMPLE_PINHOLE 1920 1080 3154.7671223968423 960.0 540.0
61 SIMPLE_PINHOLE 1920 1080 3160.815162696287 960.0 540.0
62 SIMPLE_PINHOLE 1920 1080 3166.8958650502705 960.0 540.0
63 SIMPLE_PINHOLE 1920 1080 3172.976567404239 960.0 540.0
64 SIMPLE_PINHOLE 1920 1080 3179.057220702798 960.0 540.0
65 SIMPLE_PINHOLE 1920 1080 3185.129377837246 960.0 540.0
66 SIMPLE_PINHOLE 1920 1080 3191.193038807588 960.0 540.0
67 SIMPLE_PINHOLE 1920 1080 3197.2566997779213 960.0 540.0
68 SIMPLE_PINHOLE 1920 1080 3203.8157995318566 960.0 540.0
69 SIMPLE_PINHOLE 1920 1080 3210.8703380693964 960.0 540.0
70 SIMPLE_PINHOLE 1920 1080 3218.264422373497 960.0 540.0
71 SIMPLE_PINHOLE 1920 1080 3225.6585066774896 960.0 540.0
72 SIMPLE_PINHOLE 1920 1080 3232.389733017933 960.0 540.0
73 SIMPLE_PINHOLE 1920 1080 3238.458101429495 960.0 540.0
74 SIMPLE_PINHOLE 1920 1080 3244.6876806976975 960.0 540.0
75 SIMPLE_PINHOLE 1920 1080 3252.292888624295 960.0 540.0
76 SIMPLE_PINHOLE 1920 1080 3261.2429422378063 960.0 540.0
77 SIMPLE_PINHOLE 1920 1080 3270.1719532964207 960.0 540.0
78 SIMPLE_PINHOLE 1920 1080 3278.4506415536152 960.0 540.0
79 SIMPLE_PINHOLE 1920 1080 3286.084435322677 960.0 540.0
80 SIMPLE_PINHOLE 1920 1080 3294.8076217111047 960.0 540.0
81 SIMPLE_PINHOLE 1920 1080 3304.6198916362987 960.0 540.0
82 SIMPLE_PINHOLE 1920 1080 3314.432057874124 960.0 540.0
83 SIMPLE_PINHOLE 1920 1080 3322.0635359298876 960.0 540.0
84 SIMPLE_PINHOLE 1920 1080 3327.514325430771 960.0 540.0
85 SIMPLE_PINHOLE 1920 1080 3332.9651149313736 960.0 540.0
86 SIMPLE_PINHOLE 1920 1080 3339.7486973980704 960.0 540.0
87 SIMPLE_PINHOLE 1920 1080 3347.8650729621345 960.0 540.0
88 SIMPLE_PINHOLE 1920 1080 3360.5490870323206 960.0 540.0
89 SIMPLE_PINHOLE 1920 1080 3379.689567148499 960.0 540.0
90 SIMPLE_PINHOLE 1920 1080 3405.2865165719177 960.0 540.0
91 SIMPLE_PINHOLE 1920 1080 3430.8834667335955 960.0 540.0
92 SIMPLE_PINHOLE 1920 1080 3436.096651177617 960.0 540.0
93 SIMPLE_PINHOLE 1920 1080 3420.924634302958 960.0 540.0
94 SIMPLE_PINHOLE 1920 1080 3405.429022981183 960.0 540.0
95 SIMPLE_PINHOLE 1920 1080 3389.9387384689817 960.0 540.0
96 SIMPLE_PINHOLE 1920 1080 3374.4654862939324 960.0 540.0
97 SIMPLE_PINHOLE 1920 1080 3364.3551375206607 960.0 540.0
98 SIMPLE_PINHOLE 1920 1080 3359.657364592641 960.0 540.0
99 SIMPLE_PINHOLE 1920 1080 3360.432856170012 960.0 540.0
100 SIMPLE_PINHOLE 1920 1080 3379.933424501116 960.0 540.0
101 SIMPLE_PINHOLE 1920 1080 3418.15905536107 960.0 540.0
102 SIMPLE_PINHOLE 1920 1080 3456.3846772546112 960.0 540.0
103 SIMPLE_PINHOLE 1920 1080 3479.8941012730493 960.0 540.0
104 SIMPLE_PINHOLE 1920 1080 3488.687327416383 960.0 540.0
105 SIMPLE_PINHOLE 1920 1080 3494.8076147300453 960.0 540.0
106 SIMPLE_PINHOLE 1920 1080 3500.927902043712 960.0 540.0
107 SIMPLE_PINHOLE 1920 1080 3512.2962081389387 960.0 540.0
108 SIMPLE_PINHOLE 1920 1080 3523.664514235221 960.0 540.0
109 SIMPLE_PINHOLE 1920 1080 3534.508544530659 960.0 540.0
110 SIMPLE_PINHOLE 1920 1080 3543.8862891186036 960.0 540.0
111 SIMPLE_PINHOLE 1920 1080 3551.797747998098 960.0 540.0
112 SIMPLE_PINHOLE 1920 1080 3559.199160502793 960.0 540.0
113 SIMPLE_PINHOLE 1920 1080 3566.0905298218686 960.0 540.0
114 SIMPLE_PINHOLE 1920 1080 3567.5658714723204 960.0 540.0
115 SIMPLE_PINHOLE 1920 1080 3563.6251854282577 960.0 540.0
116 SIMPLE_PINHOLE 1920 1080 3555.6754244267254 960.0 540.0
117 SIMPLE_PINHOLE 1920 1080 3547.7256633995075 960.0 540.0
118 SIMPLE_PINHOLE 1920 1080 3557.35970876445 960.0 540.0
119 SIMPLE_PINHOLE 1920 1080 3584.57772536661 960.0 540.0
120 SIMPLE_PINHOLE 1920 1080 3611.797443070155 960.0 540.0
121 SIMPLE_PINHOLE 1920 1080 3636.1041189017233 960.0 540.0
122 SIMPLE_PINHOLE 1920 1080 3653.6565956876007 960.0 540.0
123 SIMPLE_PINHOLE 1920 1080 3664.4548734277823 960.0 540.0
124 SIMPLE_PINHOLE 1920 1080 3675.2663873952356 960.0 540.0
125 SIMPLE_PINHOLE 1920 1080 3686.0981612245882 960.0 540.0
126 SIMPLE_PINHOLE 1920 1080 3696.949669322918 960.0 540.0
127 SIMPLE_PINHOLE 1920 1080 3707.820911372943 960.0 540.0
128 SIMPLE_PINHOLE 1920 1080 3719.1398250677653 960.0 540.0
129 SIMPLE_PINHOLE 1920 1080 3730.9064104625527 960.0 540.0
130 SIMPLE_PINHOLE 1920 1080 3742.750686044491 960.0 540.0
131 SIMPLE_PINHOLE 1920 1080 3754.672651791772 960.0 540.0
132 SIMPLE_PINHOLE 1920 1080 3766.8034021427975 960.0 540.0
133 SIMPLE_PINHOLE 1920 1080 3779.1429371164577 960.0 540.0
134 SIMPLE_PINHOLE 1920 1080 3791.6774215258893 960.0 540.0
135 SIMPLE_PINHOLE 1920 1080 3804.406855371401 960.0 540.0
136 SIMPLE_PINHOLE 1920 1080 3818.5855974454357 960.0 540.0
137 SIMPLE_PINHOLE 1920 1080 3834.213647748114 960.0 540.0
138 SIMPLE_PINHOLE 1920 1080 3850.884968936891 960.0 540.0
139 SIMPLE_PINHOLE 1920 1080 3867.5562901222597 960.0 540.0
140 SIMPLE_PINHOLE 1920 1080 3881.9742786262627 960.0 540.0
141 SIMPLE_PINHOLE 1920 1080 3894.138934448899 960.0 540.0
142 SIMPLE_PINHOLE 1920 1080 3906.252990710758 960.0 540.0
143 SIMPLE_PINHOLE 1920 1080 3919.999603684114 960.0 540.0
144 SIMPLE_PINHOLE 1920 1080 3935.3787733689865 960.0 540.0
145 SIMPLE_PINHOLE 1920 1080 3950.75794295956 960.0 540.0
146 SIMPLE_PINHOLE 1920 1080 3963.705552702602 960.0 540.0
147 SIMPLE_PINHOLE 1920 1080 3974.2216172353847 960.0 540.0
148 SIMPLE_PINHOLE 1920 1080 3982.9977947211696 960.0 540.0
149 SIMPLE_PINHOLE 1920 1080 3993.6337717048286 960.0 540.0
150 SIMPLE_PINHOLE 1920 1080 4006.129544984626 960.0 540.0
151 SIMPLE_PINHOLE 1920 1080 4020.5409471635094 960.0 540.0
152 SIMPLE_PINHOLE 1920 1080 4039.97181601191 960.0 540.0
153 SIMPLE_PINHOLE 1920 1080 4065.5125481609252 960.0 540.0
154 SIMPLE_PINHOLE 1920 1080 4097.163143610554 960.0 540.0
155 SIMPLE_PINHOLE 1920 1080 4128.834720307678 960.0 540.0
156 SIMPLE_PINHOLE 1920 1080 4160.506297004804 960.0 540.0
157 SIMPLE_PINHOLE 1920 1080 4192.177873701929 960.0 540.0
158 SIMPLE_PINHOLE 1920 1080 4223.849450399054 960.0 540.0
159 SIMPLE_PINHOLE 1920 1080 4255.521027096179 960.0 540.0
160 SIMPLE_PINHOLE 1920 1080 4287.192603793304 960.0 540.0
161 SIMPLE_PINHOLE 1920 1080 4318.864180490429 960.0 540.0
162 SIMPLE_PINHOLE 1920 1080 4350.535757187555 960.0 540.0
163 SIMPLE_PINHOLE 1920 1080 4382.207333884679 960.0 540.0
164 SIMPLE_PINHOLE 1920 1080 4413.878910581805 960.0 540.0
165 SIMPLE_PINHOLE 1920 1080 4445.55048727893 960.0 540.0
166 SIMPLE_PINHOLE 1920 1080 4477.222063976055 960.0 540.0
167 SIMPLE_PINHOLE 1920 1080 4508.89364067318 960.0 540.0
168 SIMPLE_PINHOLE 1920 1080 4540.565217370306 960.0 540.0
169 SIMPLE_PINHOLE 1920 1080 4572.23679406743 960.0 540.0
170 SIMPLE_PINHOLE 1920 1080 4603.908370764556 960.0 540.0
171 SIMPLE_PINHOLE 1920 1080 4635.579947461681 960.0 540.0
172 SIMPLE_PINHOLE 1920 1080 4667.251524158806 960.0 540.0
173 SIMPLE_PINHOLE 1920 1080 4698.923100855931 960.0 540.0
174 SIMPLE_PINHOLE 1920 1080 4730.5946775530565 960.0 540.0
175 SIMPLE_PINHOLE 1920 1080 4762.266254250181 960.0 540.0
176 SIMPLE_PINHOLE 1920 1080 4793.937830947307 960.0 540.0
177 SIMPLE_PINHOLE 1920 1080 4825.6094076444315 960.0 540.0
178 SIMPLE_PINHOLE 1920 1080 4857.280984341556 960.0 540.0
179 SIMPLE_PINHOLE 1920 1080 4888.952561038682 960.0 540.0
180 SIMPLE_PINHOLE 1920 1080 4920.624137735807 960.0 540.0
181 SIMPLE_PINHOLE 1920 1080 4952.295714432932 960.0 540.0
182 SIMPLE_PINHOLE 1920 1080 4983.967291130057 960.0 540.0
183 SIMPLE_PINHOLE 1920 1080 5015.638867827182 960.0 540.0
184 SIMPLE_PINHOLE 1920 1080 5047.310444524308 960.0 540.0
185 SIMPLE_PINHOLE 1920 1080 5078.982021221433 960.0 540.0
186 SIMPLE_PINHOLE 1920 1080 5110.653597918557 960.0 540.0
187 SIMPLE_PINHOLE 1920 1080 5142.325174615683 960.0 540.0
188 SIMPLE_PINHOLE 1920 1080 5173.996751312809 960.0 540.0
189 SIMPLE_PINHOLE 1920 1080 5205.668328009933 960.0 540.0
190 SIMPLE_PINHOLE 1920 1080 5237.339904707058 960.0 540.0
191 SIMPLE_PINHOLE 1920 1080 5269.0114814041835 960.0 540.0
192 SIMPLE_PINHOLE 1920 1080 5300.683058101309 960.0 540.0
193 SIMPLE_PINHOLE 1920 1080 5332.354634798434 960.0 540.0
194 SIMPLE_PINHOLE 1920 1080 5364.0262114955585 960.0 540.0
195 SIMPLE_PINHOLE 1920 1080 5395.697788192684 960.0 540.0
196 SIMPLE_PINHOLE 1920 1080 5427.369364889809 960.0 540.0
197 SIMPLE_PINHOLE 1920 1080 5459.040941586934 960.0 540.0
198 SIMPLE_PINHOLE 1920 1080 5490.712518284059 960.0 540.0
199 SIMPLE_PINHOLE 1920 1080 5522.384094981185 960.0 540.0
200 SIMPLE_PINHOLE 1920 1080 5554.055671678309 960.0 540.0
201 SIMPLE_PINHOLE 1920 1080 5585.727248375435 960.0 540.0
202 SIMPLE_PINHOLE 1920 1080 5617.39882507256 960.0 540.0
203 SIMPLE_PINHOLE 1920 1080 5649.070401769684 960.0 540.0
204 SIMPLE_PINHOLE 1920 1080 5680.74197846681 960.0 540.0
205 SIMPLE_PINHOLE 1920 1080 5712.413555163936 960.0 540.0
206 SIMPLE_PINHOLE 1920 1080 5744.08513186106 960.0 540.0
207 SIMPLE_PINHOLE 1920 1080 5775.756708558185 960.0 540.0
208 SIMPLE_PINHOLE 1920 1080 5807.428285255311 960.0 540.0
209 SIMPLE_PINHOLE 1920 1080 5839.099861952436 960.0 540.0
210 SIMPLE_PINHOLE 1920 1080 5870.771438649561 960.0 540.0
211 SIMPLE_PINHOLE 1920 1080 5902.442825404843 960.0 540.0
212 SIMPLE_PINHOLE 1920 1080 5934.1140323487425 960.0 540.0
213 SIMPLE_PINHOLE 1920 1080 5965.785059502007 960.0 540.0
214 SIMPLE_PINHOLE 1920 1080 5990.510214482281 960.0 540.0
215 SIMPLE_PINHOLE 1920 1080 5985.901932877979 960.0 540.0
216 SIMPLE_PINHOLE 1920 1080 5951.9633280920725 960.0 540.0
217 SIMPLE_PINHOLE 1920 1080 5918.026481274164 960.0 540.0
218 SIMPLE_PINHOLE 1920 1080 5899.4226970468535 960.0 540.0
219 SIMPLE_PINHOLE 1920 1080 5896.151974030597 960.0 540.0
220 SIMPLE_PINHOLE 1920 1080 5907.958221352155 960.0 540.0
221 SIMPLE_PINHOLE 1920 1080 5934.841439012238 960.0 540.0
222 SIMPLE_PINHOLE 1920 1080 5971.053462118559 960.0 540.0
223 SIMPLE_PINHOLE 1920 1080 6007.26548522733 960.0 540.0
224 SIMPLE_PINHOLE 1920 1080 6041.474810583935 960.0 540.0
225 SIMPLE_PINHOLE 1920 1080 6071.329032710435 960.0 540.0
226 SIMPLE_PINHOLE 1920 1080 6096.828151601075 960.0 540.0
227 SIMPLE_PINHOLE 1920 1080 6118.061178892773 960.0 540.0
228 SIMPLE_PINHOLE 1920 1080 6135.67554941724 960.0 540.0
229 SIMPLE_PINHOLE 1920 1080 6149.680316465545 960.0 540.0
230 SIMPLE_PINHOLE 1920 1080 6165.613542984886 960.0 540.0
231 SIMPLE_PINHOLE 1920 1080 6183.45570851009 960.0 540.0
232 SIMPLE_PINHOLE 1920 1080 6201.221716384377 960.0 540.0
233 SIMPLE_PINHOLE 1920 1080 6218.835341594639 960.0 540.0
234 SIMPLE_PINHOLE 1920 1080 6236.396133810362 960.0 540.0
235 SIMPLE_PINHOLE 1920 1080 6260.772129043419 960.0 540.0
236 SIMPLE_PINHOLE 1920 1080 6291.963327296854 960.0 540.0
237 SIMPLE_PINHOLE 1920 1080 6328.757430464271 960.0 540.0
238 SIMPLE_PINHOLE 1920 1080 6357.392801018401 960.0 540.0
239 SIMPLE_PINHOLE 1920 1080 6377.869439981198 960.0 540.0
240 SIMPLE_PINHOLE 1920 1080 6398.755790049823 960.0 540.0
241 SIMPLE_PINHOLE 1920 1080 6429.7207433434105 960.0 540.0
242 SIMPLE_PINHOLE 1920 1080 6460.685696636841 960.0 540.0
243 SIMPLE_PINHOLE 1920 1080 6487.993061068988 960.0 540.0
244 SIMPLE_PINHOLE 1920 1080 6515.300421118386 960.0 540.0
245 SIMPLE_PINHOLE 1920 1080 6542.607776785033 960.0 540.0
246 SIMPLE_PINHOLE 1920 1080 6558.762274707776 960.0 540.0
247 SIMPLE_PINHOLE 1920 1080 6563.763914886614 960.0 540.0
