1 0.9843158875068337 -0.0147102779167399 0.10027575723642244 -0.1443974163062087 -13.365416087484286 -1.6916349864843703 67.22234697263707 1 image0001.png

2 0.984264626257361 -0.014793998313102406 0.10091350109090055 -0.14429396525823998 -13.449288412880549 -1.6738313527871256 67.20606251238257 2 image0002.png

3 0.9842139021576692 -0.014876903138312835 0.10155115185310322 -0.14418403555836296 -13.53311650986964 -1.6551260059460837 67.18969581761345 3 image0003.png

4 0.9841637162361309 -0.014958975896550953 0.1021886834185929 -0.1440676287914446 -13.61689663749975 -1.6355199001915288 67.17324697562576 4 image0004.png

5 0.9841140676919683 -0.015040203344088251 0.10282609723798003 -0.14394473863584517 -13.700628674815531 -1.6150127600947926 67.15671534796981 5 image0005.png

6 0.9840735822863663 -0.015109213288390884 0.10339043279172079 -0.14380999522642696 -13.774692042201043 -1.5933048326752015 67.14208179287702 6 image0006.png

7 0.984047079382882 -0.015159514134449242 0.10383718286338564 -0.14366410179381384 -13.833232545902955 -1.570763234438978 67.13057640763259 7 image0007.png

8 0.9840328243277321 -0.015192511953720376 0.1041661588227365 -0.1435200319894022 -13.876259089383291 -1.5491655413862908 67.12219773248177 8 image0008.png

9 0.9840158169700579 -0.015223680632467434 0.10444095613803374 -0.1434336019966153 -13.91226404351985 -1.5357461240433459 67.11505272034404 9 image0009.png

10 0.9839960085085006 -0.0152532303837291 0.10466259154165994 -0.14340479815537327 -13.94138407555463 -1.5304968932165863 67.10912976597459 10 image0010.png

11 0.9839817204884752 -0.015275150482547366 0.10483194532692104 -0.1433767999407473 -13.963621175394637 -1.5256680524062887 67.10461630389244 11 image0011.png

12 0.9839795895037657 -0.015283655294807024 0.10493549544787292 -0.143314755402016 -13.97712533121453 -1.5165917295606697 67.10201059305183 12 image0012.png

13 0.9839921494177805 -0.015276899481102552 0.10497351237194548 -0.14320135448632393 -13.981897765180047 -1.500908257484305 67.10136897199162 13 image0013.png

14 0.98401299090525 -0.015263618801147374 0.10500597404792936 -0.14303566368232556 -13.985832168213342 -1.4781318569012925 67.10105463705375 14 image0014.png

15 0.9840359520162794 -0.015248323309394855 0.10503222300194237 -0.1428599520752303 -13.988928573287126 -1.4540275928698954 67.10093583370752 15 image0015.png

16 0.9840626115868113 -0.015228050642902254 0.10502502862339833 -0.14268365818556944 -13.98762234069367 -1.4300442264918125 67.10172355009293 16 image0016.png

17 0.9840973528371812 -0.015196866008707259 0.10494328054938973 -0.1425074147891894 -13.976504247377514 -1.406511992970227 67.10453756390368 17 image0017.png

18 0.9841508870096598 -0.015146907703773823 0.1047881133160235 -0.142257000153881 -13.955573202474357 -1.373305776532682 67.10958140581128 18 image0018.png

19 0.9842151958218003 -0.015089022745287128 0.10463407959345854 -0.14193124777045207 -13.93464069920109 -1.3298210265793706 67.11480666179503 19 image0019.png

20 0.9842775325831498 -0.01503414203411893 0.10450364251096789 -0.14160050186091971 -13.916806453605014 -1.2855124820978112 67.11937026239116 20 image0020.png

21 0.9843256745840744 -0.014998375891085118 0.10450574128673018 -0.14126770725593116 -13.916414467427535 -1.240143262107921 67.12030513703668 21 image0021.png

22 0.9843368492859847 -0.014998487747083991 0.10463797464800459 -0.14109183805098277 -13.933464805556323 -1.2153979798421766 67.11722040498704 22 image0022.png

23 0.9842877468098469 -0.015061232016394744 0.10504632340081672 -0.14112427399322242 -13.987266847142585 -1.2174136366579944 67.1059921230049 23 image0023.png

24 0.9841737321577039 -0.015192603969616985 0.10577040992561239 -0.14136431692462617 -14.083023183731648 -1.245828325418433 67.08544013732602 24 image0024.png

25 0.9839939860985613 -0.015393275650020315 0.10681004172673934 -0.14181148533514207 -14.220693149970602 -1.300511308200118 67.05535374077384 25 image0025.png

26 0.9837779809843972 -0.01564093479009749 0.10816766302981416 -0.14225330211922543 -14.400135345841644 -1.3524202190223455 67.01602025039469 26 image0026.png

27 0.9835745696248387 -0.015878570412531396 0.1095265015419056 -0.14259341656948482 -14.579466687373085 -1.390324685221362 66.97645897634581 27 image0027.png

28 0.9835688991449465 -0.015921793802361556 0.11019791968917837 -0.14210959015172264 -14.666663596521166 -1.3203062626486037 66.95883570484169 28 image0028.png

29 0.983848291608032 -0.01565819815508749 0.10940139356844211 -0.14081439917769634 -14.559279511199229 -1.14900705367711 66.98542432151986 29 image0029.png

30 0.9842963161651432 -0.01518002646252027 0.10712308256732679 -0.13948108818617383 -14.257096729297277 -0.9812918419999122 67.05305487299573 30 image0030.png

31 0.9847371578301528 -0.014708144196370043 0.10484307192785731 -0.13814604862833207 -13.95460248701817 -0.8128201171986049 67.1189116532373 31 image0031.png

32 0.9849830894277248 -0.014451020064074655 0.10366740072754281 -0.13730459419450397 -13.79829590659388 -0.7048880899856407 67.15243905833474 32 image0032.png

33 0.9850394063182538 -0.014403971408669624 0.10359731203571071 -0.13695798825485128 -13.7884062117749 -0.6580529532747015 67.15494567847155 33 image0033.png

34 0.9850876898257456 -0.014367206909108579 0.10359904871951539 -0.13661282452177775 -13.787971514308026 -0.6110095508511648 67.15547943003675 34 image0034.png

35 0.9851350646242361 -0.014331479063244647 0.10360826277314923 -0.13626753480118467 -13.788522029483904 -0.5639088062440436 67.1557784239701 35 image0035.png

36 0.9851821301711499 -0.014296322806927376 0.10362501829878426 -0.13591777340808772 -13.790057745178798 -0.5161585881026092 67.15584707473545 36 image0036.png

37 0.9852340742659089 -0.014257374002548671 0.1036430450120835 -0.13553104962543497 -13.791691898108958 -0.46336768038735343 67.15589649173853 37 image0037.png

38 0.9852908533661001 -0.014214629746812786 0.10366233864433065 -0.13510735776060262 -13.793424486689286 -0.40553615062401605 67.15591478037678 38 image0038.png

39 0.9853500255917779 -0.014170750645183262 0.10369755076913591 -0.1346526451909408 -13.797194429804923 -0.3433937347748284 67.15548685876507 39 image0039.png

40 0.9854073559297054 -0.014128952193683002 0.1037482388250145 -0.1341976845189346 -13.80300165157965 -0.28113632716548764 67.15458298880819 40 image0040.png

41 0.9854644742210509 -0.014087109986065336 0.10379891018025385 -0.13374269933667277 -13.80880876463068 -0.21888073994600177 67.15362090276466 41 image0041.png

42 0.9855250042793916 -0.014041454916551269 0.10383195410927296 -0.13327501187312452 -13.812276316234739 -0.15499725192580627 67.15308561372714 42 image0042.png

43 0.9855894548099966 -0.013991339500465366 0.10384238465232606 -0.13279468414072423 -13.812749602212323 -0.08952110953095982 67.15310747110831 43 image0043.png

44 0.9856560725130449 -0.013938158271925261 0.10383001258720886 -0.13231463618317538 -13.810228636538346 -0.024211902801809515 67.15368126483453 44 image0044.png

45 0.9857219666713561 -0.013885377673154065 0.10381755976213158 -0.13183821522405378 -13.807707388182155 0.04059960358189585 67.15419180500365 45 image0045.png

46 0.9857859964000517 -0.013833903360183948 0.1038049080954312 -0.13137402130816178 -13.805186118830369 0.10374174375855816 67.15464230046754 46 image0046.png

47 0.9858471291812851 -0.013785059041825398 0.10380203055765405 -0.13092191750940657 -13.803975304450804 0.16528730404197134 67.1547679210488 47 image0047.png

48 0.9859042778295662 -0.013742143314510668 0.1038595386814242 -0.13044962506410834 -13.810667939097208 0.22990350428278106 67.1532017411188 48 image0048.png

49 0.98595740404148 -0.013705066375889318 0.10397744036283744 -0.12995714857987162 -13.825263500486527 0.2975860677661828 67.14993254131441 49 image0049.png

50 0.9860102717448571 -0.01366787525257343 0.1040953295242414 -0.12946464988927608 -13.839858360075874 0.36526319603000346 67.14659196116624 50 image0050.png

51 0.9860540930061993 -0.013637269215709137 0.10420339845935611 -0.1290465121713126 -13.853298907382996 0.42275799309508244 67.14348288323049 51 image0051.png

52 0.986097995607356 -0.013602136044310646 0.10421623925735667 -0.12870392546165946 -13.854364435754094 0.4694556699255443 67.14295276560286 52 image0052.png

53 0.9861517303481205 -0.013554734512426374 0.10413486835989308 -0.12836262343600258 -13.84305507580248 0.51547492244379 67.14494783973939 53 image0053.png

54 0.9862084008759647 -0.01350490159077396 0.10405377777049486 -0.12799773047356916 -13.831742492476886 0.5647068888968363 67.14688313228046 54 image0054.png

55 0.9862679787695018 -0.013452645881911142 0.10397298523821719 -0.1276092422724581 -13.820429482551946 0.6171519699851942 67.14875100098618 55 image0055.png

56 0.9863227908784108 -0.013406264832436848 0.10393990273477693 -0.12721682623202987 -13.81538086471664 0.6703825439861326 67.14927957496067 56 image0056.png

57 0.9863714127007626 -0.013366904894845894 0.10395521857463741 -0.1268308897364258 -13.81670491034241 0.7229832940103904 67.14846140609473 57 image0057.png

58 0.9864138503738046 -0.013334509460614557 0.10401894078354157 -0.12645143971675513 -13.824401535958575 0.774951235582261 67.14629759997007 58 image0058.png

59 0.986450980189292 -0.013308031424490416 0.10412450339596198 -0.12607715009364046 -13.837604500566727 0.8264308677179741 67.14296405682035 59 image0059.png

60 0.9864872261538616 -0.013282081974783942 0.10422998339303016 -0.12570858958545114 -13.850807011301221 0.8771252036174069 67.13959863703059 60 image0060.png

61 0.9865187832396077 -0.013259835151254238 0.10433497808120287 -0.12537575298278436 -13.864009067565844 0.922951916965264 67.13625936081122 61 image0061.png

62 0.9865456876126752 -0.013241302363346743 0.10443948984164048 -0.1250786437653291 -13.877210668730674 0.9639117062998253 67.13295619073256 62 image0062.png

63 0.9865705406032584 -0.01322461679143691 0.10455113324715365 -0.12479077875087541 -13.891364856071206 1.0036473456294424 67.12944646777456 63 image0063.png

64 0.9865926086663128 -0.013210654627798316 0.10467687715938209 -0.12451206575053099 -13.907386264583039 1.0422076314193447 67.12554148138686 64 image0064.png

65 0.9866101777242927 -0.013200855475917716 0.10481654053260128 -0.12425613649361926 -13.92527459566729 1.0777378378627276 67.12127171930514 65 image0065.png

66 0.9866247733015964 -0.013193429467939393 0.10495589654246704 -0.12402318294341286 -13.94316186425526 1.110138788435819 67.117030161698 66 image0066.png

67 0.9866391614663073 -0.013185434545027972 0.1050774284124514 -0.1238064756591789 -13.958736620435682 1.1402355941273719 67.11328812820813 67 image0067.png

68 0.9866594198449966 -0.013170416074684816 0.1051433088151256 -0.12359050927543531 -13.967006441459837 1.1699415443230716 67.11105629086593 68 image0068.png

69 0.9866881794165621 -0.01314617750945908 0.10515381351486902 -0.12335432752765525 -13.967971930567428 1.2021083083198079 67.1102868745965 69 image0069.png

70 0.986719496770659 -0.01311970134774817 0.10516459126843769 -0.12309718466539264 -13.968937416537702 1.2371249453789268 67.10944954290018 70 image0070.png

71 0.9867500043806736 -0.013094089091622886 0.10518236787584244 -0.12283990871712754 -13.970822215374481 1.2721940494478545 67.10840154224834 71 image0071.png

72 0.986766701730301 -0.013083070706425781 0.10528545371884683 -0.12261844417709071 -13.983967114152943 1.302830863099489 67.10507584468655 72 image0072.png

73 0.9867695868114338 -0.013086600000281116 0.10547385437438339 -0.12243279580176429 -14.008370631019739 1.3290346500131491 67.09947188906735 73 image0073.png

74 0.9867764029472271 -0.013086600648489379 0.10566268463951338 -0.1222148458443964 -14.032772157541476 1.359629104529434 67.09375994011168 74 image0074.png

75 0.9867961253303674 -0.01307268390416955 0.10576804159054339 -0.121965705616852 -14.046164113625737 1.394031299135417 67.09025159483912 75 image0075.png

76 0.9868272087000362 -0.01304624840172451 0.10578975289745246 -0.12169792008835609 -14.048547979886209 1.4305358856572 67.0889840090411 76 image0076.png

77 0.9868583355769174 -0.013019696937405734 0.10581134643983717 -0.12142928789465542 -14.050915789070485 1.467152940153646 67.08769735478583 77 image0077.png

78 0.9868895056392384 -0.01299302924439699 0.10583282217240617 -0.12115980604646842 -14.05326754154925 1.5038828470878602 67.08639143981858 78 image0078.png

79 0.986923600686385 -0.012963449076595463 0.1058448495372466 -0.12087441095077588 -14.054353135424387 1.542724962547668 67.08528203908372 79 image0079.png

80 0.986960617142956 -0.012930952804016042 0.10584733126475449 -0.12057310285675356 -14.054160148807702 1.5836787569389656 67.08436816975454 80 image0080.png

81 0.9869985868863622 -0.012897268454023145 0.10584005519193498 -0.12027191138298741 -14.052688579252528 1.6245652708806304 67.08369876507918 81 image0081.png

82 0.9870363165109622 -0.012863504449776972 0.1058246558693062 -0.11997909131129854 -14.050167096850354 1.664271613790616 67.08325359711472 82 image0082.png

83 0.9870729549515087 -0.012830638226731394 0.10580913816852092 -0.11969453874770732 -14.047645592679768 1.702852672798084 67.0828134078014 83 image0083.png

84 0.9871091840177261 -0.012798071703522483 0.10579357522731303 -0.11941267784097824 -14.045124066769219 1.7410664379094687 67.08236047007094 84 image0084.png

85 0.9871549721660414 -0.012754653612143226 0.10568800131373395 -0.11913196933403072 -14.030798607332688 1.7786713549157493 67.08437170668265 85 image0085.png

86 0.987215384192544 -0.012694720661998421 0.10544472578082692 -0.11885301462684039 -13.998414036757703 1.8153525434626943 67.09015433151976 86 image0086.png

87 0.9873006565368059 -0.012609226107487062 0.10506482622796444 -0.11848967595807544 -13.947964842382426 1.8628278828393832 67.09935959205029 87 image0087.png

88 0.9873894147486822 -0.012522753931307893 0.10476781818499446 -0.11802130548755509 -13.908216505798137 1.924996588412176 67.10585526160243 88 image0088.png

89 0.9874815845444456 -0.01243528179940668 0.10455369659054961 -0.11744789687947522 -13.879173284644683 2.0018515601998566 67.1096196375335 89 image0089.png

90 0.9875732532129741 -0.012348195800683387 0.10434061940559798 -0.11687440584177149 -13.850273675541214 2.07872763990445 67.11325293219214 90 image0090.png

91 0.9876860961272693 -0.01223274908663792 0.10373318739439942 -0.11647300631329241 -13.76991804424576 2.1303314920491356 67.12816810711752 91 image0091.png

92 0.9878190680017503 -0.012089557055713204 0.10273053950603635 -0.11624873227329721 -13.637970833939267 2.156020108144361 67.15427936814294 92 image0092.png

93 0.9879311406150653 -0.011964073610625268 0.10172093023628132 -0.11619713721740858 -13.505349929418708 2.158265780482667 67.18100416586104 93 image0093.png

94 0.9880013902077849 -0.011884685367247507 0.10107629086750151 -0.1161705239106476 -13.420659895842194 2.1588661190074365 67.19795453485936 94 image0094.png

95 0.988034374581521 -0.011847972624187741 0.10079709866679296 -0.11613632115043071 -13.38393996611726 2.1622162218119882 67.20517004384553 95 image0095.png

96 0.9880701430059402 -0.011808813426605402 0.10051864812137105 -0.11607732683658897 -13.347275665817222 2.168945621705019 67.21224453787762 96 image0096.png

97 0.9881098282493209 -0.011766163873498376 0.10023825306920238 -0.11598628076817458 -13.310303212439898 2.180029991656509 67.21921753678096 97 image0097.png

98 0.9881551119728883 -0.011718263840544639 0.09994503227651187 -0.11585830784910889 -13.271586094837112 2.196083287299185 67.22634996302611 98 image0098.png

99 0.9882301707558269 -0.01163824574349915 0.09943929020725598 -0.11566117934294351 -13.204839106247421 2.2205775025764733 67.2386880327231 99 image0099.png

100 0.9883434551636907 -0.01151604930581131 0.0986331741736461 -0.11539537337309064 -13.098509614452137 2.2530733898287973 67.25840181574968 100 image0100.png

101 0.9884940081075558 -0.011352270661561043 0.09752775012488293 -0.11506111350871032 -12.95271625776644 2.293593547922727 67.28526197326879 101 image0101.png

102 0.9886431725790357 -0.011189286839740277 0.09642227347593899 -0.11472672901555388 -12.806880539590992 2.334213112648781 67.3117758539921 102 image0102.png

103 0.9887219551643507 -0.01110395229668436 0.0958644637767819 -0.11452336968569639 -12.733229278780392 2.3594553022613827 67.3248672589804 103 image0103.png

104 0.9887313723320749 -0.011095693865737482 0.09585448535203722 -0.11445119738065596 -12.731810516634527 2.369237071837082 67.324792055339 104 image0104.png

105 0.9887407871728149 -0.011087433507288112 0.09584448069369918 -0.11437901957815054 -12.730388384555573 2.379019408252203 67.32471601768717 105 image0105.png

106 0.9887741945242213 -0.01105444541638793 0.09570128969358617 -0.11421319814495136 -12.71131383297279 2.4009711314320477 67.32754077563203 106 image0106.png

107 0.9888344410119886 -0.010993311725668389 0.09539428589433599 -0.11395405032081987 -12.670559546542277 2.434922398341092 67.33400316571318 107 image0107.png

108 0.9889102258227285 -0.010913498554827823 0.09492235603057698 -0.1136978765770865 -12.60811722450582 2.467770246113256 67.34452760762531 108 image0108.png

109 0.9889938196297351 -0.01082370311269721 0.09435141147253474 -0.11345432269532842 -12.53266417992461 2.4984964836091343 67.3574773317953 109 image0109.png

110 0.9890756931677868 -0.010735292852408509 0.09378027034835183 -0.11322229270521336 -12.457194308869626 2.52767638183626 67.37038719414089 110 image0110.png

111 0.9891558381637592 -0.010648267597799096 0.09320910986904118 -0.11300178786699652 -12.381730580940951 2.555309889764432 67.38325495118913 111 image0111.png

112 0.9892340967028581 -0.01056274129047104 0.09263785872796038 -0.11279431522558855 -12.30626539674254 2.581190791986362 67.39609183557302 112 image0112.png

113 0.9893087495671304 -0.010480099348312169 0.09206624399692051 -0.11261515112927607 -12.230783752039686 2.6032361487849034 67.40898307342421 113 image0113.png

114 0.989376973426012 -0.010403701369412 0.09152286286993949 -0.1124656971004529 -12.159051210137282 2.6213703366630234 67.42125629099485 114 image0114.png

115 0.9894238919798417 -0.010351876996558285 0.09116918303432302 -0.11234491838514422 -12.11232464525533 2.6363858802335294 67.42908103931966 115 image0115.png

116 0.9894509523126129 -0.010323003911325875 0.09099184018291812 -0.11225298917194233 -12.088850645133078 2.648192427748601 67.43283084354364 116 image0116.png

117 0.9894781886979136 -0.010293896516061747 0.09081212795458131 -0.11216107703643671 -12.065064158431229 2.659989457010976 67.43662648420529 117 image0117.png

118 0.9895671859496755 -0.010196763052340276 0.09017328280490361 -0.1118999087715511 -11.98059165027656 2.6930104783074977 67.45037454975132 118 image0118.png

119 0.9897168715000094 -0.010032358121827895 0.08907559588175692 -0.1114692974637373 -11.83545117559503 2.747342699243637 67.47380315494087 119 image0119.png

120 0.9898651358124445 -0.009868931025328086 0.08797774140898587 -0.11103843532760042 -11.690261403337951 2.8017910763090743 67.49687151057472 120 image0120.png

121 0.9899835884130325 -0.009738649009515613 0.08710973181729867 -0.1106776762090859 -11.575423512706376 2.8476392935105945 67.5147423129514 121 image0121.png

122 0.9900729155013431 -0.009641069008165184 0.08647167973213618 -0.1103871386682029 -11.49096655148588 2.8848315711920858 67.527589496051 122 image0122.png

123 0.9901505498355065 -0.009557068547455435 0.08593599285563945 -0.11011610342333564 -11.420018909213159 2.9197763332085174 67.53812244137335 123 image0123.png

124 0.9902246754531481 -0.009477668455557503 0.08544271622876073 -0.10983992064730137 -11.354650377142915 2.9556015803215097 67.54758502522455 124 image0124.png

125 0.9902959804426241 -0.009402352569197008 0.08499191232511356 -0.1095529174630527 -11.294863937935597 2.993077420570259 67.55595787794505 125 image0125.png

126 0.9903649755930182 -0.009330501552361132 0.08457817990938318 -0.10925515247638462 -11.239949364856482 3.0321724792172535 67.5633730430951 126 image0126.png

127 0.9904314863831365 -0.009262258521823148 0.08420150666934377 -0.10894855493570552 -11.189908823692793 3.0726205285009556 67.56985165170904 127 image0127.png

128 0.9904953642517484 -0.00919741034710873 0.08385439372328764 -0.10864060793277525 -11.143763904218314 3.113370770395534 67.57561214759195 128 image0128.png

129 0.9905591350931087 -0.009132693424371811 0.08350724737694078 -0.10833159017542117 -11.097613418127583 3.1542767656473636 67.58130971752605 129 image0129.png

130 0.9906242935319127 -0.009066332007359899 0.08314601339487117 -0.10801875367208741 -11.0496007832061 3.1956633236764453 67.58723227860548 130 image0130.png

131 0.9906911089504788 -0.008998069179700464 0.08276951715529554 -0.10770036410053223 -10.999568802845083 3.237763974254232 67.59338931602105 131 image0131.png

132 0.9907595584625101 -0.0089279261348266 0.08237775458300585 -0.10737641733623407 -10.947516726450795 3.280580482267764 67.59977498373893 132 image0132.png

133 0.990829202837657 -0.00885613948244772 0.08196836028851504 -0.10705254555204599 -10.893138995646197 3.323337456134004 67.60647054537664 133 image0133.png

134 0.9909053723793667 -0.008775716536955122 0.08147622447444597 -0.10672935226244616 -10.827847649030064 3.365729532155047 67.61486144801647 134 image0134.png

135 0.9909879438281257 -0.008686738264932934 0.08090132836062573 -0.1064068176157251 -10.751637321030865 3.4077670529101844 67.62491646766601 135 image0135.png

136 0.9910728688884454 -0.008595017903084 0.08030446346604504 -0.10607491394247069 -10.672513540988186 3.451031979440801 67.63525516787078 136 image0136.png

137 0.9911600982561334 -0.008500594736129843 0.07968562193497963 -0.10573363311103808 -10.590474700145721 3.4955278789760715 67.64586490763175 137 image0137.png

138 0.9912523125548051 -0.008399277578272612 0.07899780280126154 -0.1053928467377512 -10.499328794452591 3.539754967384246 67.65777219407647 138 image0138.png

139 0.9913489627926433 -0.008291439566614028 0.07824095522745357 -0.10505636070680958 -10.399069848849512 3.5832015809987148 67.67096808334699 139 image0139.png

140 0.9914447126237198 -0.00818097222916016 0.07741465636942871 -0.10477320498609587 -10.289691421569348 3.6191814849835815 67.68577165443506 140 image0140.png

141 0.9915399838917845 -0.008067052556944678 0.0765117923041892 -0.1045434294698799 -10.170247608472627 3.647671336429145 67.70229291562022 141 image0141.png

142 0.9916479011486703 -0.007934450286912972 0.0754226732419326 -0.1043211627960603 -10.026196426341944 3.6745999479543645 67.72231987366936 142 image0142.png

143 0.9917678550915725 -0.007783270585579055 0.07414724243692192 -0.10410633383734932 -9.857513583583945 3.7000050372750533 67.74569578432484 143 image0143.png

144 0.9918933020641179 -0.0076213589420557944 0.07275401820940768 -0.10390594324966235 -9.673240577301236 3.723167088667692 67.77098458921932 144 image0144.png

145 0.9920237502303856 -0.007448736018288146 0.0712430342138423 -0.1037199372665494 -9.473368413868126 3.7441140234913224 67.79805904082293 145 image0145.png

146 0.9921589183352005 -0.007265238726403185 0.06961427243014381 -0.10354588426487563 -9.257878232009551 3.763199987949635 67.82676407673206 146 image0146.png

147 0.992293786620315 -0.007077643622549833 0.06793267482124832 -0.10338326599164582 -9.035344546110407 3.780699630898898 67.85579391520434 147 image0147.png

148 0.9924277586699451 -0.006886133817470381 0.06619820910927934 -0.10323527543006428 -8.805760070785459 3.7961857663312575 67.8851049334974 148 image0148.png

149 0.9925755499716677 -0.0066666299282133945 0.06417957515816798 -0.10310342271893089 -8.538505873046697 3.8088548412746253 67.91852803825135 149 image0149.png

150 0.9927427683322586 -0.0064147489836155576 0.06187712174177873 -0.10291680486895236 -8.233525961302941 3.828483982841565 67.95507096064551 150 image0150.png

151 0.9929246279413283 -0.006135850943841568 0.0593371641261267 -0.1026749020658839 -7.896918590689603 3.855347257485329 67.99349147473538 151 image0151.png

152 0.9931099695950465 -0.00583567487256481 0.05655901259033257 -0.10246761090468565 -7.528633458571406 3.8772123186776533 68.03401216679099 152 image0152.png

153 0.9933048019209016 -0.005498815777125822 0.05339430175417584 -0.10229556220145389 -7.108957969199858 3.8937481215522016 68.07820026107292 153 image0153.png

154 0.9935070288958624 -0.005124383985793503 0.04984295144213631 -0.10214305857384097 -6.6378008307445855 3.907251347253043 68.12497996821317 154 image0154.png

155 0.9936965354632787 -0.004751098829280682 0.04629069687853133 -0.1019891849692465 -6.166285697865297 3.921471707762519 68.16845963468892 155 image0155.png

156 0.9938733112467483 -0.004378979669575839 0.042737723062855504 -0.10183394697192236 -5.694455156990687 3.9364066664095176 68.20863428958505 156 image0156.png

157 0.9940373535211935 -0.004008031494465108 0.039184075726831656 -0.10167735095661626 -5.2223333424429965 3.9520532414626004 68.2455010844359 157 image0157.png

158 0.9941886597260152 -0.0036382592610915265 0.0356298006124817 -0.10151940331805318 -4.749944403443051 3.9684084126235657 68.27905734164399 158 image0158.png

159 0.9943272274653121 -0.0032696678958003458 0.03207494347154288 -0.10136011046903062 -4.277312502875197 3.9854691215418736 68.30930055462926 159 image0159.png

160 0.9944530545079098 -0.002902262294075937 0.028519550064873216 -0.10119947884036784 -3.8044618160513672 4.003232272076762 68.33622838798394 160 image0160.png

161 0.9945661387874087 -0.002536047320471635 0.024963666161857398 -0.10103751488062528 -3.3314165294744957 4.021694730592964 68.35983867761652 161 image0161.png

162 0.9946664784022008 -0.0021710278085498914 0.021407337539811718 -0.10087422505613283 -2.8582008396013743 4.0408533262159185 68.3801294308895 162 image0162.png

163 0.9947540716155074 -0.0018072085608148542 0.017850609983389634 -0.10070961585076373 -2.3848389516049906 4.060704851123976 68.39709882674597 163 image0163.png

164 0.9948289168554088 -0.0014445943486486716 0.01429352928398695 -0.10054369376579472 -1.9113550781364252 4.081246060830594 68.41074521582796 164 image0164.png

165 0.9948910127148686 -0.0010831899122483951 0.010736141239146823 -0.10037646531976645 -1.437773438086366 4.1024736744684915 68.42106712058586 165 image0165.png

166 0.9949403579517594 -0.0007229999605634831 0.007178491651964741 -0.10020793704834319 -0.9641182553462999 4.124384375075769 68.42806323537901 166 image0166.png

167 0.9949769514888832 -0.0003640291712339119 0.0036206263304933506 -0.10003811550417256 -0.4904137575694522 4.146974809883881 68.43173242656704 167 image0167.png

168 0.9950007924139915 -6.282190528889518e-06 6.259108714723765e-05 -0.09986700725674504 -0.016684174931531952 4.170241590607553 68.43207373259241 168 image0168.png

169 0.9950118799798031 0.00035023636671382334 -0.003495568261892387 -0.09969461889225313 0.45704626110865076 4.194181293736529 68.42908636405404 169 image0169.png

170 0.9950102136040186 0.000705521917147986 -0.007053805897273056 -0.09952095701345033 0.9307533190486331 4.218790460829158 68.42276970377176 170 image0170.png

171 0.9949957928693342 0.0010595699089783468 -0.010612075997066518 -0.09934602823951018 1.4044127685817547 4.244065598807838 68.41312330684187 171 image0171.png

172 0.9949686175234517 0.0014123758220194954 -0.014170332737364177 -0.09916983920588444 1.8780003818365407 4.270003180256248 68.40014690068372 172 image0172.png

173 0.9949286874790888 0.001763935167754114 -0.017728530292872666 -0.09899239656416182 2.351491934615971 4.296599643718329 68.38384038507728 173 image0173.png

174 0.9948760028139845 0.0021142434893906196 -0.02128662283750944 -0.09881370698192592 2.8248632076365623 4.323851393999089 68.36420383219162 174 image0174.png

175 0.9948105637709042 0.0024632963619201876 -0.02484456454499832 -0.09863377714261341 3.2980899877671828 4.351754802467088 68.34123748660457 175 image0175.png

176 0.9947323707576415 0.0028110893921731704 -0.028402309589465175 -0.09845261374537148 3.771148069267574 4.380306207358675 68.31494176531312 176 image0176.png

177 0.9946414243470196 0.0031576182188749057 -0.031959812146033544 -0.09827022350491567 4.244013255026479 4.409501914083899 68.28531725773514 177 image0177.png

178 0.9945377252768879 0.00350287851270091 -0.03551702639142031 -0.09808661315138714 4.716661357799337 4.439338195534095 68.25236472570167 178 image0178.png

179 0.9944212744501187 0.003846865976331452 -0.039073906504531276 -0.09790178943020973 5.189068201445468 4.469811292391155 68.21608510344059 179 image0179.png

180 0.9942920729346008 0.004189576344505526 -0.04263040666705687 -0.09771575910194706 5.661209622164691 4.50091741343838 68.17647949755111 180 image0180.png

181 0.9941501219632307 0.004531005384074202 -0.04618648106406777 -0.09752852894215923 6.133061469733322 4.532652735872949 68.13354918696918 181 image0181.png

182 0.9939954229339031 0.004871148894053358 -0.04974208388461047 -0.09734010574125945 6.604599608739453 4.565013405620029 68.08729562292395 182 image0182.png

183 0.9938279774094967 0.005210002705675798 -0.05329716932230282 -0.0971504963043704 7.075799919817499 4.597995537648348 68.03772042888538 183 image0183.png

184 0.9936477871178605 0.005547562682442767 -0.0568516915759296 -0.09695970745118052 7.546638300881907 4.631595216287401 67.98482540050254 184 image0184.png

185 0.9934548539517962 0.005883824720174822 -0.06040560485003796 -0.09676774601579993 8.017090668359991 4.665808495546125 67.92861250553315 185 image0185.png

186 0.9932491799690392 0.006218784747062114 -0.0639588633555329 -0.09657461884661646 8.487132958423818 4.70063139943308 67.86908388376396 186 image0186.png

187 0.9930307673922366 0.006552438723714022 -0.06751142131027243 -0.0963803328061511 8.95674112822107 4.7360599222781 67.80624184692228 187 image0187.png

188 0.9927996186089251 0.006884782643208201 -0.0710632329396633 -0.09618489477091381 9.425891157104871 4.772090029055406 67.74008887857835 188 image0188.png

189 0.9925557361715039 0.007215812531138976 -0.07461425247725549 -0.09598831163125862 9.894559047862424 4.808717655708135 67.6706276340388 189 image0189.png

190 0.9922991227972079 0.00754552444566515 -0.07816443416533811 -0.09579059029123888 10.362720827942502 4.845938709474275 67.5978609402312 190 image0190.png

191 0.9920297813680772 0.007873914477557151 -0.08171373225553381 -0.09559173766846232 10.830352550681626 4.883749069213991 67.52179179557949 191 image0191.png

192 0.9917477149309248 0.008200978750243606 -0.08526210100939409 -0.09539176069394593 11.297430296528983 4.922144585738296 67.44242336987044 192 image0192.png

193 0.9914529266973032 0.00852671341985724 -0.08880949469899384 -0.09519066631197047 11.763930174269886 4.961121082139055 67.35975900411125 193 image0193.png

194 0.9911454200434673 0.008851114675280203 -0.09235586760752625 -0.09498846147993512 12.22982832224785 5.000674354120365 67.27380221037812 194 image0194.png

195 0.9908251985103355 0.009174178738188737 -0.09590117402989713 -0.09478515316821201 12.695100909585085 5.040800170331092 67.18455667165583 195 image0195.png

196 0.9904922658034502 0.00949590186309724 -0.09944536827331968 -0.09458074836000013 13.159724137401506 5.081494272698823 67.09202624166832 196 image0196.png

197 0.9901466257929338 0.009816280337401676 -0.10298840465790833 -0.09437525405117964 13.623674240032008 5.122752376764959 66.99621494470063 197 image0197.png

198 0.9897882825134436 0.010135310481422428 -0.10653023751727335 -0.09416867725016571 14.086927486242132 5.164570172021078 66.89712697541141 198 image0198.png

199 0.9894172401641264 0.010452988648446428 -0.11007082119911442 -0.09396102497776238 14.549460180441878 5.20694332224647 66.79476669863695 199 image0199.png

200 0.9890335031085662 0.01076931122476876 -0.11361011006581474 -0.09375230426701607 15.0112486638978 5.249867465846863 66.68913864918603 200 image0200.png

201 0.9886370758747359 0.01108427462973355 -0.1171480584950345 -0.09354252216306926 15.472269315943102 5.293338216194307 66.58024753162601 201 image0201.png

202 0.9882279631549411 0.011397875315774311 -0.1206846208803044 -0.0933316857230137 15.932498555185907 5.337351161968126 66.46809822005987 202 image0202.png

203 0.9878061698057662 0.011710109768453582 -0.12421975163161895 -0.09311980201574377 16.391912840715385 5.381901867497069 66.35269575789451 203 image0203.png

204 0.9873717008480153 0.012020974506502009 -0.12775340517602946 -0.0929068781218095 16.850488673305943 5.426985873102451 66.23404535760008 204 image0204.png

205 0.9869245614666523 0.012330466081856738 -0.131285535958237 -0.09269292113326959 17.308202596619186 5.4725986954424 66.11215240046052 205 image0205.png

206 0.9864647570107399 0.012638581079699248 -0.13481609844118506 -0.09247793815354431 17.76503119840372 5.518735827857139 65.98702243631514 206 image0206.png

207 0.9859922929933851 0.012945316118484417 -0.1383450471065658 -0.09226193629726918 18.2209511116816 5.565392740714639 65.85866118329464 207 image0207.png

208 0.9855071750916413 0.01325066785000005 -0.1418723364556575 -0.09204492269014464 18.67593901597523 5.612564881759562 65.72707452753625 208 image0208.png

209 0.9850094090870124 0.013554632996931673 -0.14539792141248306 -0.09182690446324845 19.12997169033522 5.660247679351897 65.59226850753109 209 image0209.png

210 0.9844990010169113 0.013857208254806847 -0.14892175627399817 -0.09160788876703983 19.583025879072487 5.708436535428987 65.45424935303473 210 image0211.png

211 0.9839759570988557 0.01415839034508953 -0.1524437952759068 -0.0913878827640976 20.035078366170463 5.757126829574757 65.31302346514276 211 image0212.png

212 0.9834402836620996 0.014458176056093818 -0.15596399303345804 -0.09116689362262746 20.4861060329673 5.806313922678276 65.16859739833306 212 image0215.png

213 0.9828919871981011 0.014756562210260775 -0.1594823041895859 -0.09094492852206187 20.93608581387723 5.8559931546814425 65.02097787326012 213 image0216.png

214 0.9823420989316678 0.015047408309914762 -0.16293222859807518 -0.09072301281232283 21.376512406683112 5.905630040963798 64.87301565192479 214 image0217.png

215 0.9818214047694275 0.01532615592965877 -0.16608063434643824 -0.09060386843889469 21.777907046183998 5.940249926029104 64.73620396758503 215 image0218.png

216 0.9813284554008391 0.015601811790545036 -0.16892792556346325 -0.09063333853654809 22.14060347096242 5.953786163079142 64.61181019670184 216 image0219.png

217 0.9808634941998057 0.015876842814981293 -0.17148775641136305 -0.09081123834291262 22.466517367425993 5.946334480191796 64.49989621896704 217 image0220.png

218 0.9804354505733772 0.01613007621136777 -0.17380028023666536 -0.09099236500965671 22.760601602149357 5.937193305279582 64.39755165371328 218 image0222.png

219 0.9800542917520937 0.016340917402013877 -0.175885946427742 -0.09105324533469476 23.025302180095537 5.94261218974675 64.30288273869415 219 image0223.png

220 0.9796990666441597 0.016520014122062984 -0.17786868272979758 -0.0909920856664786 23.27639724850471 5.963527142021153 64.2104787693167 220 image0224.png

221 0.9793446004158843 0.0166894984123457 -0.1798515500862673 -0.09087922870801131 23.527107921028552 5.991341383247605 64.11644820114688 221 image0225.png

222 0.9789812315379864 0.016860488672915022 -0.1818620047703256 -0.0907616848620373 23.78099864542672 6.0200721911694135 64.02001829793561 222 image0226.png

223 0.9786084575758329 0.01703359885305668 -0.18390001179152365 -0.09064286477290807 24.03805623279292 6.049277494966944 63.921185869527335 223 image0227.png

224 0.978231376391325 0.017206305864838588 -0.18593758901420987 -0.090523644831626 24.294739675509337 6.078657052013208 63.82127749561217 224 image0228.png

225 0.9778556699172642 0.01737588520236569 -0.1879451313921555 -0.0904046183006045 24.54732045672182 6.1079289914749975 63.72175586453026 225 image0229.png

226 0.9774814756181365 0.01754244005098427 -0.18992265571931916 -0.09028628060214379 24.795812331897203 6.13702254597624 63.622673267477566 226 image0230.png

227 0.9770997074854292 0.01771147336358657 -0.19191374143489548 -0.09017528038015572 25.04571284769148 6.165374209448311 63.5219673611983 227 image0231.png

228 0.9767031178360885 0.017886355002811216 -0.19395443642943744 -0.09007094150344157 25.301531240446987 6.193333610395996 63.417781767479966 228 image0232.png

229 0.9762919994002636 0.018065798930010066 -0.19604478750001153 -0.08996666110360946 25.56323042419986 6.221770230418153 63.30995762206633 229 image0233.png

230 0.9758755384021184 0.018245270495655233 -0.1981385233033705 -0.08986194542783774 25.824993747942433 6.250423347861414 63.20080548948671 230 image0234.png

231 0.9754649293223603 0.018418930299852945 -0.20018326255448363 -0.08975286102278142 26.080264700792288 6.279418175426098 63.09301553376116 231 image0235.png

232 0.9750606407859292 0.01858668958814608 -0.20217826208683135 -0.08963945615539698 26.3289715888295 6.308730068475143 62.98670564989422 232 image0236.png

233 0.9746625215583539 0.018749564844704844 -0.20412348235422798 -0.08952668227533486 26.571142541643418 6.33770783846157 62.882014535275985 233 image0237.png

234 0.9742706067503786 0.018908170620025463 -0.2060189206774407 -0.08941739332453985 26.806805496113505 6.3659741486208805 62.77905272351056 234 image0238.png

235 0.9738817964730584 0.01906399500787868 -0.20788049999751423 -0.08931130003270299 27.03795922379944 6.39367864514991 62.67702563957071 235 image0239.png

236 0.9734954517044974 0.019216920222269975 -0.20971336434725207 -0.08920549479703739 27.2652484533692 6.421228832096583 62.575665842966394 236 image0240.png

237 0.9731117318113643 0.019366954984255978 -0.21151754051205301 -0.08909999170290156 27.488687581855693 6.44861761576783 62.47501336135457 237 image0241.png

238 0.9727667872199439 0.019503459608635212 -0.2131182504229254 -0.08902249199923587 27.686725916113975 6.470933782735736 62.385191613508105 238 image0242.png

239 0.9724616232263505 0.019626601570250916 -0.21451569463188824 -0.08897305558073536 27.859474457251782 6.488148671969622 62.30644844961752 239 image0243.png

240 0.9721662058136413 0.019744599346059644 -0.2158602401104662 -0.08892342666600515 28.0255129705561 6.5050369388399325 62.23017777405276 240 image0244.png

241 0.9718721369517405 0.01985465543972646 -0.2172050956265244 -0.08883855305046105 28.191337265192416 6.526489361826554 62.15298342347557 241 image0245.png

242 0.9715579839501162 0.01996531930085899 -0.21864548984252413 -0.08871651266547328 28.368679072230815 6.553495605964718 62.069393840024446 242 image0246.png

243 0.9712186126783199 0.02008807636371039 -0.22018027406755158 -0.08860881720654636 28.557487590640893 6.579478621602268 61.97999896907841 243 image0247.png

244 0.9708919869474962 0.020207639155826306 -0.2216411571514568 -0.08851891581720735 28.737033480621363 6.602663452984467 61.89448804771682 244 image0248.png

245 0.9705784665873529 0.020324039242484854 -0.22302820910753188 -0.08844654638876336 28.907353982633385 6.62308011957011 61.8129404257812 245 image0249.png

246 0.970273299841793 0.020437139292887124 -0.2243681301192839 -0.08837980051130108 29.071723542311123 6.642455580887498 61.733723221299876 246 image0250.png

247 0.9699766812734675 0.020546968601182204 -0.22566095990104482 -0.08831869022778441 29.23016395377567 6.660784064405229 61.65688428319623 247 image0251.png

